8.355611562728881836e-01 5.504824161529541016e+00
-2.861384391784667969e+01 -5.470074081420898438e+01
5.460641860961914062e+01 4.009440898895263672e+00
4.436292648315429688e+00 -4.292967605590820312e+01
-5.841683578491210938e+01 -2.800144958496093750e+01
4.601785182952880859e+00 1.092247676849365234e+01
-5.564154815673828125e+01 -2.483847808837890625e+01
1.356000423431396484e+00 -3.932984542846679688e+01
5.125136184692382812e+01 1.424465560913085938e+01
-2.714769935607910156e+01 -3.784711456298828125e+01
-2.907413244247436523e+00 -4.003102493286132812e+01
5.641262817382812500e+01 3.497294664382934570e+00
1.041967582702636719e+01 -6.824008178710937500e+01
-2.645794296264648438e+01 5.684955978393554688e+01
4.218371582031250000e+01 1.561542034149169922e+01
4.007012176513671875e+01 3.382193565368652344e+00
2.236298561096191406e+00 4.097105026245117188e+01
-4.976480484008789062e+01 -2.110033226013183594e+01
-2.948288726806640625e+01 2.334601402282714844e+01
-4.538710784912109375e+01 2.036710262298583984e+00
-1.644080543518066406e+01 -1.029550933837890625e+01
9.430153846740722656e+00 4.185057830810546875e+01
4.748079681396484375e+01 -1.366697502136230469e+01
5.096769714355468750e+01 -2.577742004394531250e+01
1.966094017028808594e+01 1.221189308166503906e+01
-5.743987274169921875e+01 -2.843457984924316406e+01
-5.664138412475585938e+01 -2.440807342529296875e+01
4.259066390991210938e+01 1.921156120300292969e+01
-1.361209297180175781e+01 1.676421356201171875e+01
2.310473442077636719e+01 1.969501686096191406e+01
-2.947044563293457031e+01 2.002706146240234375e+01
2.488268661499023438e+01 -1.642665290832519531e+01
-1.330112838745117188e+01 7.665636062622070312e+00
2.575064659118652344e+01 -4.098128890991210938e+01
2.335634803771972656e+01 -8.639812469482421875e+00
-3.066727447509765625e+01 -5.265485382080078125e+01
5.476729583740234375e+01 -1.538166046142578125e+01
1.007192707061767578e+01 -3.527058029174804688e+01
3.542781114578247070e+00 4.271267414093017578e+00
-5.188821411132812500e+01 -4.065623474121093750e+01
-4.907001495361328125e+01 -2.475890922546386719e+01
-1.088463497161865234e+01 1.944567680358886719e+00
3.470814895629882812e+01 -3.377221298217773438e+01
-3.360703277587890625e+01 -1.935542678833007812e+01
-2.759084510803222656e+01 -5.505424499511718750e+01
-5.204511642456054688e+00 4.323168754577636719e+00
2.177326965332031250e+01 1.392165303230285645e+00
-2.230239629745483398e+00 4.801320648193359375e+01
5.878323364257812500e+01 1.462204265594482422e+01
-2.467887496948242188e+01 5.192845821380615234e+00
4.114274978637695312e+01 -1.099194908142089844e+01
-4.285895156860351562e+01 9.468074798583984375e+00
1.242123031616210938e+01 2.848317718505859375e+01
-2.177938079833984375e+01 3.426511383056640625e+01
-2.382273292541503906e+01 -6.381884384155273438e+01
-3.818949890136718750e+01 -4.521946430206298828e+00
4.929955673217773438e+01 3.724348449707031250e+01
-3.486099624633789062e+01 -6.569793701171875000e+01
3.526462936401367188e+01 2.089248657226562500e+01
4.231493949890136719e+00 -3.328006362915039062e+01
6.152507781982421875e+01 1.348985195159912109e+00
1.013132286071777344e+01 3.705488967895507812e+01
1.536843109130859375e+01 -4.037480545043945312e+01
-4.255717468261718750e+01 2.893686103820800781e+01
5.707338333129882812e+01 1.625115203857421875e+01
3.030729293823242188e+01 -8.138360023498535156e+00
3.511523056030273438e+01 -2.441502380371093750e+01
4.840280914306640625e+01 -2.367218399047851562e+01
-4.316110992431640625e+01 -9.099857330322265625e+00
3.912094879150390625e+01 -3.833552551269531250e+01
-3.040186119079589844e+01 -4.870401000976562500e+01
-3.626306056976318359e+00 4.356227874755859375e+01
5.777612304687500000e+01 6.029005050659179688e+00
5.931991958618164062e+01 -3.622392892837524414e+00
-3.658934783935546875e+01 -1.890847778320312500e+01
-2.632303237915039062e+01 -5.670929718017578125e+01
-3.489598464965820312e+01 6.807069778442382812e+00
-4.156315803527832031e+00 -2.440078353881835938e+01
6.672943592071533203e+00 -6.729473876953125000e+01
1.491594696044921875e+01 -2.326282262802124023e+00
4.701655387878417969e+00 -3.415380096435546875e+01
4.291928100585937500e+01 -1.067061328887939453e+01
-2.189697265625000000e+01 -2.035184288024902344e+01
-1.278746509552001953e+01 -7.289733123779296875e+01
3.927710056304931641e+00 9.241848945617675781e+00
-3.541604995727539062e+01 -7.160708618164062500e+01
1.454895687103271484e+01 -8.085492134094238281e+00
-4.778161239624023438e+01 3.477481603622436523e-01
3.991659927368164062e+01 -3.436840438842773438e+01
-6.551770210266113281e+00 1.121530532836914062e+01
-2.396523094177246094e+01 9.105562210083007812e+00
-2.591333770751953125e+01 8.323948860168457031e+00
-3.863801193237304688e+01 2.564110946655273438e+01
6.282300567626953125e+01 -4.786616802215576172e+00
-2.783405876159667969e+01 -9.674256324768066406e+00
-6.191583156585693359e+00 2.850561714172363281e+01
3.785610198974609375e+01 1.878329849243164062e+01
-9.111546516418457031e+00 1.418422126770019531e+01
4.090280532836914062e+01 3.100782394409179688e+00
-2.967073249816894531e+01 5.238358688354492188e+01
-4.739023590087890625e+01 -2.108907318115234375e+01
4.877835845947265625e+01 2.191129684448242188e+01
-4.829153442382812500e+01 -3.150466156005859375e+01
1.538823127746582031e+01 3.734778594970703125e+01
5.750198745727539062e+01 -8.833171844482421875e+00
-5.233878707885742188e+01 1.317755031585693359e+01
-2.346581220626831055e+00 -3.809864044189453125e+01
2.725239562988281250e+01 -3.138881623744964600e-01
9.205657005310058594e+00 -3.542735290527343750e+01
-1.400979900360107422e+01 -5.741786193847656250e+01
-1.629653930664062500e+01 -4.945366287231445312e+01
-4.518806457519531250e+01 -1.968396949768066406e+01
-3.559260559082031250e+01 -3.783088684082031250e+01
-1.565985202789306641e+01 1.937577247619628906e+01
7.666611194610595703e+00 -1.246938323974609375e+01
5.661997985839843750e+01 4.158011436462402344e+00
-1.716310119628906250e+01 -4.912624740600585938e+01
-6.070757508277893066e-01 -6.131389236450195312e+01
-1.921178627014160156e+01 -1.124465179443359375e+01
1.500618743896484375e+01 1.437472724914550781e+01
-1.939032745361328125e+01 -1.814166259765625000e+01
-6.656047821044921875e+00 2.510375595092773438e+01
-2.849260902404785156e+01 -5.216525650024414062e+01
-4.389640331268310547e+00 2.404142951965332031e+01
-2.977142333984375000e+00 1.215422868728637695e+00
-4.081985652446746826e-01 1.201275944709777832e+00
-6.275782585144042969e+00 -3.266877746582031250e+01
-1.614917945861816406e+01 6.507437133789062500e+01
8.289315223693847656e+00 3.576908493041992188e+01
-3.939275026321411133e+00 4.929693984985351562e+01
-3.936073303222656250e+01 -1.175746154785156250e+01
6.080714225769042969e+00 5.022169113159179688e+00
-3.049631881713867188e+01 -5.751988601684570312e+01
5.165174102783203125e+01 -2.385169219970703125e+01
-4.981777191162109375e+01 5.942501544952392578e+00
-4.261251068115234375e+01 1.272451686859130859e+01
1.629254221916198730e+00 1.835079383850097656e+01
-1.283301925659179688e+01 6.002923202514648438e+01
-2.566724061965942383e+00 2.917840766906738281e+01
-3.842221450805664062e+01 -5.226453018188476562e+01
-2.341390609741210938e+00 -5.152463912963867188e+00
5.339128112792968750e+01 -1.705996131896972656e+01
1.695075988769531250e+01 1.508521747589111328e+01
-3.627335739135742188e+01 -1.802570343017578125e+01
-1.988795661926269531e+01 -3.408530950546264648e+00
2.273923873901367188e+00 2.968404197692871094e+01
1.847050666809082031e+01 3.789944076538085938e+01
3.273283004760742188e+01 -1.242273426055908203e+01
8.314627647399902344e+00 3.446021652221679688e+01
-6.236108779907226562e+01 9.641946792602539062e+00
5.059766387939453125e+01 3.706264495849609375e+01
2.432315444946289062e+01 -1.062744712829589844e+01
8.367213606834411621e-01 3.330627822875976562e+01
5.222428131103515625e+01 3.790778732299804688e+01
1.984351158142089844e+01 7.796673774719238281e+00
-1.812692260742187500e+01 -9.846560478210449219e+00
-2.094764518737792969e+01 2.815815925598144531e+01
4.568374252319335938e+01 3.243854904174804688e+01
2.215641260147094727e+00 1.124590301513671875e+01
-1.706488037109375000e+01 5.611718750000000000e+01
-2.181562614440917969e+01 6.093750762939453125e+01
1.729750823974609375e+01 2.390802001953125000e+01
-1.452582550048828125e+01 4.262750244140625000e+01
-9.350599288940429688e+00 1.321753501892089844e+01
-5.077424621582031250e+01 1.357070732116699219e+01
8.657506942749023438e+00 -6.688402557373046875e+01
3.278955221176147461e-01 -4.245443725585937500e+01
-3.087277793884277344e+01 -2.386967658996582031e+01
6.160454273223876953e+00 2.679226112365722656e+01
5.204285049438476562e+01 1.868272972106933594e+01
-1.761898803710937500e+01 1.848365211486816406e+01
6.146273422241210938e+01 3.479985809326171875e+01
-3.924812555313110352e+00 7.824672222137451172e+00
-4.838999271392822266e+00 -8.872167587280273438e+00
2.244250869750976562e+01 -1.875357437133789062e+01
5.055260086059570312e+01 -1.535625362396240234e+01
-5.397072601318359375e+01 -2.082337188720703125e+01
-1.701774787902832031e+01 4.980028152465820312e+00
-5.747204971313476562e+01 -2.645556449890136719e+01
6.743047237396240234e+00 -3.106504440307617188e+01
3.295676946640014648e+00 -1.474053668975830078e+01
-6.117673873901367188e+00 6.437457561492919922e+00
-3.996612548828125000e+01 -3.069552421569824219e+01
4.217303848266601562e+01 3.799742507934570312e+01
-1.648829841613769531e+01 -1.103825855255126953e+01
-5.255654525756835938e+01 -2.244664573669433594e+01
-4.933511734008789062e+01 -1.627038574218750000e+01
-1.302134799957275391e+01 5.368242263793945312e+01
4.652145004272460938e+01 -1.519900131225585938e+01
1.756850242614746094e+01 5.742827987670898438e+01
4.162351226806640625e+01 1.940884399414062500e+01
-9.462661743164062500e-01 1.748445320129394531e+01
5.216036605834960938e+01 -1.758413505554199219e+01
-1.971310043334960938e+01 6.459557342529296875e+01
-4.194850158691406250e+01 -2.276878929138183594e+01
-8.893586158752441406e+00 6.723062992095947266e+00
-1.386358928680419922e+01 -1.830076980590820312e+01
3.289913940429687500e+01 1.851417350769042969e+01
3.884158325195312500e+01 -3.980016469955444336e+00
8.155607223510742188e+00 -1.405536270141601562e+01
5.234411239624023438e+00 3.469403743743896484e+00
-2.023705101013183594e+01 5.637883377075195312e+01
-1.116707038879394531e+01 -3.616247177124023438e+01
3.656711196899414062e+01 -3.418418121337890625e+01
4.107669067382812500e+01 -8.490253448486328125e+01
-3.203084945678710938e+01 1.984890365600585938e+01
7.431236743927001953e+00 -6.789262390136718750e+01
-2.063653564453125000e+01 5.304726028442382812e+01
4.182668685913085938e+00 3.064109981060028076e-01
2.228821182250976562e+01 1.104266929626464844e+01
5.445185089111328125e+01 -3.078375625610351562e+01
9.750935554504394531e+00 -7.134500122070312500e+01
-5.495164108276367188e+01 -1.461365509033203125e+01
-3.264518022537231445e+00 2.967676734924316406e+01
-4.122050476074218750e+01 -1.078248214721679688e+01
-2.209264945983886719e+01 -1.938018798828125000e+01
1.902247238159179688e+01 -1.518076419830322266e+01
-4.350378799438476562e+01 9.763040542602539062e+00
2.129594039916992188e+01 1.321370983123779297e+01
3.030719041824340820e+00 -3.466147232055664062e+01
6.168222904205322266e+00 -5.080290222167968750e+01
9.044265747070312500e+00 -1.101280307769775391e+01
-3.656132507324218750e+01 -2.862718963623046875e+01
-2.287271499633789062e+01 1.544752120971679688e+01
3.256854534149169922e+00 -9.860208511352539062e+00
-5.271525192260742188e+01 -2.668407440185546875e+01
3.808771896362304688e+01 3.741558456420898438e+01
2.223133468627929688e+01 7.561769485473632812e-01
-1.066961765289306641e+01 -5.432252120971679688e+01
1.139782524108886719e+01 2.827653694152832031e+01
-2.307718276977539062e+01 -2.219063949584960938e+01
6.129513931274414062e+01 5.219407677650451660e-01
1.046427059173583984e+01 -3.622110366821289062e+01
6.299231338500976562e+01 2.395797920227050781e+01
-4.229612350463867188e+01 -5.750740528106689453e+00
-7.983594536781311035e-01 -5.068838500976562500e+01
6.167028808593750000e+01 -1.783396303653717041e-01
1.563389587402343750e+01 1.207896232604980469e+01
-1.851156806945800781e+01 1.944325637817382812e+01
-2.157348155975341797e+00 4.616355895996093750e+01
1.288843917846679688e+01 1.220846652984619141e+01
6.424608230590820312e+00 -8.640724420547485352e-01
-5.486445426940917969e+00 -1.464600086212158203e+01
-2.478606700897216797e+00 4.856800460815429688e+01
-2.592507743835449219e+01 8.298877716064453125e+00
3.995136260986328125e+01 -2.055563735961914062e+01
2.547565460205078125e+00 -1.282406139373779297e+01
-6.855179595947265625e+01 -2.399994373321533203e+00
-4.835519409179687500e+01 -2.162657928466796875e+01
4.253630638122558594e+00 1.538574028015136719e+01
-4.820140361785888672e+00 -3.865610122680664062e+01
-8.822623491287231445e-01 1.534544944763183594e+01
-1.182912921905517578e+01 2.917008161544799805e+00
-5.632186889648437500e+00 -3.303369522094726562e+01
3.419170379638671875e+01 4.683674240112304688e+01
1.128846454620361328e+01 -6.280777454376220703e+00
-3.663556289672851562e+01 -8.115361213684082031e+00
-5.515490722656250000e+01 -2.680216598510742188e+01
-5.926044464111328125e+00 1.408769893646240234e+01
-1.505342578887939453e+01 -2.569463253021240234e+00
1.238959980010986328e+01 -3.712660980224609375e+01
2.492111206054687500e+01 3.253575134277343750e+01
-1.779468345642089844e+01 -1.017002487182617188e+01
-4.762032985687255859e+00 1.279737091064453125e+01
2.712347984313964844e+01 -2.228286552429199219e+01
4.059383773803710938e+01 -8.565475463867187500e+01
-2.426132965087890625e+01 -6.273020172119140625e+01
-8.789642333984375000e+00 6.406054687500000000e+01
-3.931244659423828125e+01 -1.753801918029785156e+01
-3.671208572387695312e+01 -2.005715751647949219e+01
5.633674240112304688e+01 1.529111289978027344e+01
-3.917283248901367188e+01 -1.301117229461669922e+01
-1.331048250198364258e+00 4.136925506591796875e+01
-3.457139968872070312e+01 6.136431694030761719e+00
3.182460021972656250e+01 5.013657569885253906e+00
3.220252227783203125e+01 1.043825626373291016e+01
-2.024767303466796875e+01 -3.435388565063476562e+01
-1.287033939361572266e+01 -7.185874176025390625e+01
-3.250357055664062500e+01 -5.406085586547851562e+01
3.809941482543945312e+01 3.427877044677734375e+01
5.315243148803710938e+01 3.158180809020996094e+01
1.693925976753234863e+00 -3.806400680541992188e+01
5.075803995132446289e-01 -2.412116050720214844e+01
5.498102188110351562e+01 1.344896602630615234e+01
-8.656250000000000000e+00 3.217473602294921875e+01
1.589803314208984375e+01 9.307550430297851562e+00
-4.603868484497070312e+01 1.767411422729492188e+01
9.340175986289978027e-01 -3.966109085083007812e+01
2.259176635742187500e+01 -2.546746444702148438e+01
-3.194492149353027344e+01 -7.066017150878906250e+01
-9.017898559570312500e+00 -3.652668380737304688e+01
-1.180785465240478516e+01 -5.548652267456054688e+01
6.746079254150390625e+01 2.406081581115722656e+01
5.104953384399414062e+01 3.846390914916992188e+01
-4.885480499267578125e+01 -3.242342758178710938e+01
6.331421375274658203e+00 2.173073196411132812e+01
9.312114119529724121e-01 -3.911974906921386719e+00
5.597216415405273438e+01 1.509347534179687500e+01
5.578808975219726562e+01 3.350036621093750000e+01
-1.411525249481201172e+01 3.566049575805664062e+01
3.577428054809570312e+01 -2.348193740844726562e+01
-1.128112316131591797e+01 -7.967208099365234375e+01
-5.241107559204101562e+01 -1.519026851654052734e+01
-3.110199928283691406e+01 -6.126416015625000000e+01
6.996805191040039062e+00 -3.526504898071289062e+01
-3.353834915161132812e+01 -5.057279205322265625e+01
2.047682189941406250e+01 1.054538917541503906e+01
6.622757720947265625e+01 2.348854255676269531e+01
-6.622062683105468750e+00 3.954267501831054688e+01
-1.254048156738281250e+01 3.972350311279296875e+01
-1.169663810729980469e+01 1.399598717689514160e+00
1.882195663452148438e+01 1.211505031585693359e+01
4.548737716674804688e+01 2.689291191101074219e+01
-1.860100746154785156e+01 6.835386753082275391e+00
-3.916225051879882812e+01 2.568992996215820312e+01
2.241826295852661133e+00 -3.108886528015136719e+01
-3.446707487106323242e+00 1.602721786499023438e+01
-2.506879997253417969e+01 -6.049777221679687500e+01
-2.168860816955566406e+01 -2.210501289367675781e+01
3.611180877685546875e+01 2.952825355529785156e+01
-3.182586669921875000e+01 -1.776208114624023438e+01
6.838558197021484375e+01 2.137697982788085938e+01
-1.998354721069335938e+01 2.815136146545410156e+01
-5.594182205200195312e+01 -2.552115631103515625e+01
1.632537078857421875e+01 4.274714660644531250e+01
-3.954094696044921875e+01 4.127593612670898438e+01
-4.841685891151428223e-01 4.454857254028320312e+01
-4.781463623046875000e+01 8.622434616088867188e+00
-3.024419021606445312e+01 2.117225456237792969e+01
-5.513549327850341797e+00 1.260357666015625000e+01
1.829709434509277344e+01 9.346250534057617188e+00
3.810783386230468750e+01 -9.469727325439453125e+01
7.170691490173339844e+00 2.279850196838378906e+01
-3.343381881713867188e+01 -5.930546951293945312e+01
3.536935806274414062e+00 7.937175750732421875e+00
3.299776840209960938e+01 -1.299567222595214844e+01
-2.399155807495117188e+01 4.440103912353515625e+01
5.466823959350585938e+01 1.181798839569091797e+01
-1.190417098999023438e+01 -5.414428329467773438e+01
1.731534385681152344e+01 2.185713768005371094e+01
4.108428192138671875e+01 -5.190402984619140625e+00
-4.766103363037109375e+01 1.420525264739990234e+01
4.060530471801757812e+01 -8.563572692871093750e+01
1.916744422912597656e+01 2.048166465759277344e+01
1.140805912017822266e+01 7.485302448272705078e+00
1.717457771301269531e+01 -3.413085174560546875e+01
-4.199528884887695312e+01 -4.094255065917968750e+01
-1.515860271453857422e+01 5.336669921875000000e+01
3.549029541015625000e+01 -8.097060394287109375e+01
-3.745416641235351562e+01 -1.657744216918945312e+01
6.277640533447265625e+01 -4.018171310424804688e+00
1.621196365356445312e+01 -1.111215305328369141e+01
4.879739761352539062e+01 -1.007811164855957031e+01
-1.622610664367675781e+01 -5.167311477661132812e+01
-3.182742881774902344e+01 -6.952217864990234375e+01
3.133258819580078125e+00 2.043079948425292969e+01
7.221807479858398438e+00 2.085406112670898438e+01
7.003376007080078125e+01 1.614791488647460938e+01
-5.085037994384765625e+01 -2.317740821838378906e+01
-1.500774669647216797e+01 4.755818367004394531e+00
2.224338912963867188e+01 -1.236423492431640625e+01
-1.754876708984375000e+01 5.052747344970703125e+01
4.714403533935546875e+01 1.739720344543457031e+01
2.521174621582031250e+01 3.716400909423828125e+01
-3.495484924316406250e+01 3.624433755874633789e+00
-5.301090621948242188e+01 -1.843312644958496094e+01
-1.339351367950439453e+01 1.699965286254882812e+01
-9.190225601196289062e-01 4.898026275634765625e+01
-5.517361450195312500e+01 1.809168434143066406e+01
-2.350513648986816406e+01 5.483008575439453125e+01
2.103974533081054688e+01 4.115814971923828125e+01
-4.793437576293945312e+01 9.586414337158203125e+00
-1.360249614715576172e+01 5.510020828247070312e+01
-1.383066940307617188e+01 9.086877703666687012e-01
-4.657890701293945312e+01 8.208686828613281250e+00
3.521004104614257812e+01 4.865166091918945312e+01
-2.255546951293945312e+01 2.122531700134277344e+01
-6.996641635894775391e+00 5.030541610717773438e+01
-2.339201164245605469e+01 5.562916183471679688e+01
5.699361801147460938e+01 1.386397838592529297e+01
-5.903109741210937500e+01 -3.837099313735961914e+00
2.486458969116210938e+01 -4.042380142211914062e+01
-3.456166982650756836e+00 -1.337826013565063477e+00
4.663296222686767578e+00 -1.107281589508056641e+01
1.368576622009277344e+01 1.719428300857543945e+00
-1.603804779052734375e+01 -5.341468048095703125e+01
-8.905018806457519531e+00 3.074983024597167969e+01
4.484733581542968750e+01 -1.277382087707519531e+01
5.297924804687500000e+01 4.085742950439453125e+01
-1.633796119689941406e+01 -4.790137863159179688e+01
9.876788139343261719e+00 5.034322738647460938e+01
-6.394199371337890625e+01 -9.443870544433593750e+00
9.248919486999511719e+00 -6.911782264709472656e+00
9.769293665885925293e-01 4.730403423309326172e+00
4.377739715576171875e+01 4.053172683715820312e+01
-3.889625930786132812e+01 4.166877746582031250e+01
-1.725630164146423340e+00 5.020887374877929688e+00
-3.895260572433471680e+00 -2.500769805908203125e+01
1.589431762695312500e+01 1.799153900146484375e+01
-2.527471303939819336e+00 1.355627346038818359e+01
-5.822579264640808105e-01 -5.950869750976562500e+01
-4.589747619628906250e+01 1.253216361999511719e+01
4.179155731201171875e+01 -3.749748706817626953e+00
5.359453582763671875e+01 1.271972846984863281e+01
6.443332672119140625e+01 2.297611427307128906e+01
4.415240478515625000e+01 -5.515342712402343750e+00
2.137868118286132812e+01 1.448362445831298828e+01
8.923477172851562500e+00 3.371136093139648438e+01
-2.217735862731933594e+01 2.238327115774154663e-01
4.007876205444335938e+01 -9.441201019287109375e+01
-1.606456756591796875e+01 6.345708084106445312e+01
5.236448669433593750e+01 -5.099215507507324219e+00
-3.131264114379882812e+01 -5.820726013183593750e+01
5.141536712646484375e+01 -3.111060714721679688e+01
3.996239471435546875e+01 -5.630303859710693359e+00
8.090344429016113281e+00 -3.896021127700805664e+00
-5.640612411499023438e+01 -2.827565574645996094e+01
-2.716063499450683594e+01 1.686747550964355469e+01
1.888983535766601562e+01 4.427730178833007812e+01
4.448651123046875000e+01 1.229309654235839844e+01
7.787130355834960938e+00 -2.105939483642578125e+01
-3.905765914916992188e+01 -2.499017524719238281e+01
3.422549438476562500e+01 4.056521606445312500e+01
-6.339605331420898438e+01 -3.067556381225585938e+01
1.006472301483154297e+01 1.073167800903320312e+01
-4.880515289306640625e+01 -2.004672241210937500e+01
-2.174199104309082031e+01 5.055060958862304688e+01
-5.041442871093750000e+00 2.394469642639160156e+01
3.140270948410034180e+00 -4.966031074523925781e+00
3.977096557617187500e+01 -1.815765619277954102e+00
-1.715672874450683594e+01 3.400933980941772461e+00
2.345716476440429688e+01 5.056275177001953125e+01
1.203502464294433594e+01 -6.969184875488281250e+01
3.261130332946777344e+00 -3.294972229003906250e+01
-4.952386093139648438e+01 8.806830406188964844e+00
-1.287239360809326172e+01 3.417233276367187500e+01
-2.948442840576171875e+01 -5.791133880615234375e+01
-1.737913703918457031e+01 3.160998344421386719e+00
3.408351898193359375e+01 -1.753721618652343750e+01
-2.255192184448242188e+01 2.719511413574218750e+01
2.617774009704589844e+00 -4.100751113891601562e+01
-2.224423027038574219e+01 5.442444229125976562e+01
-1.515225696563720703e+01 -5.194253921508789062e+01
-4.391799271106719971e-01 8.240798950195312500e+00
5.540118789672851562e+01 -1.930347323417663574e+00
-3.269880676269531250e+01 -6.901171875000000000e+01
-2.243687057495117188e+01 6.139124298095703125e+01
1.746958541870117188e+01 4.015444183349609375e+01
3.315329551696777344e+00 4.167323684692382812e+01
-3.253274154663085938e+01 -7.191457366943359375e+01
4.531725311279296875e+01 -1.936525917053222656e+01
-5.174277496337890625e+01 1.305111122131347656e+01
-1.672507858276367188e+01 6.243596267700195312e+01
-4.747775650024414062e+01 1.628877258300781250e+01
-1.988300514221191406e+01 -6.106304168701171875e+01
-3.067285537719726562e+01 1.714400863647460938e+01
-4.126594924926757812e+01 -2.327053833007812500e+01
1.414276027679443359e+01 -6.239075088500976562e+01
4.638314437866210938e+01 2.018732261657714844e+01
-5.867496871948242188e+01 -2.310454177856445312e+01
2.552845001220703125e+01 5.416823387145996094e+00
-6.400429534912109375e+01 -9.387560844421386719e+00
1.295203781127929688e+01 -4.719659805297851562e+01
2.368180274963378906e+01 1.554698276519775391e+01
-2.714984130859375000e+01 -3.784406661987304688e+01
1.678936481475830078e+00 4.591949844360351562e+01
3.993867874145507812e+01 1.778582453727722168e+00
-7.185804843902587891e+00 1.822126269340515137e+00
3.997183609008789062e+01 -2.234847640991210938e+01
3.966786193847656250e+01 -9.437892150878906250e+01
-4.982715606689453125e+01 -1.848435592651367188e+01
6.008454513549804688e+01 1.426433086395263672e+00
3.792011260986328125e+01 2.531362152099609375e+01
3.051526308059692383e+00 -1.605145692825317383e+00
1.779136466979980469e+01 5.819543457031250000e+01
2.048107910156250000e+01 1.187072944641113281e+01
-5.244391441345214844e+00 -5.026552581787109375e+01
3.192550086975097656e+01 -3.444307565689086914e+00
-2.571965694427490234e+00 -4.812210083007812500e+01
-4.719966506958007812e+01 1.516397285461425781e+01
-5.530296707153320312e+01 -1.516786956787109375e+01
-5.959606170654296875e+01 -4.077551841735839844e+00
1.055476284027099609e+01 -1.768885612487792969e+01
-6.682630538940429688e+00 -1.451445484161376953e+01
-8.024696350097656250e+00 5.421676254272460938e+01
7.982099056243896484e-01 -2.370746421813964844e+01
-4.241324615478515625e+01 -2.164400863647460938e+01
5.540411376953125000e+01 -1.301545429229736328e+01
-1.477090263366699219e+01 -1.088303756713867188e+01
2.427762269973754883e+00 1.871839714050292969e+01
1.250808811187744141e+01 -5.818188667297363281e+00
3.495845413208007812e+01 -1.826466560363769531e+01
-2.076106262207031250e+01 5.695708084106445312e+01
1.224310398101806641e+01 -6.789057922363281250e+01
-1.946819305419921875e+01 -4.850868606567382812e+01
4.313656330108642578e+00 -1.614829063415527344e+01
1.203386783599853516e+01 -4.616024780273437500e+01
5.051276397705078125e+01 2.900400543212890625e+01
5.734502029418945312e+01 3.373556137084960938e+01
-4.668129348754882812e+01 -2.722126388549804688e+01
-1.400662708282470703e+01 4.171739196777343750e+01
4.641906738281250000e+01 -2.763348960876464844e+01
1.813011932373046875e+01 2.431170654296875000e+01
1.922782897949218750e+01 1.491162586212158203e+01
-4.709393978118896484e+00 -4.348260498046875000e+01
-3.500701141357421875e+01 -3.863496780395507812e+01
4.599693298339843750e+01 -2.653111457824707031e+01
4.454320144653320312e+01 1.600958251953125000e+01
-1.507444143295288086e+00 -3.176069259643554688e+00
3.937328720092773438e+01 -9.483844757080078125e+01
4.917753219604492188e+01 2.252136802673339844e+01
5.131302261352539062e+01 6.161170005798339844e+00
5.165264129638671875e+01 -2.401482772827148438e+01
-2.504245996475219727e+00 1.976646614074707031e+01
3.252563238143920898e+00 -6.742881011962890625e+01
-3.474169969558715820e+00 4.781389236450195312e+01
-1.121918439865112305e+00 1.124408435821533203e+01
-2.814486026763916016e+00 4.906750488281250000e+01
9.965052604675292969e+00 -3.754409408569335938e+01
-3.304447174072265625e+01 -7.036209106445312500e+01
-4.541176986694335938e+01 -3.204334259033203125e+01
1.782982826232910156e+01 1.333600139617919922e+01
-3.504780530929565430e+00 3.058506584167480469e+01
-5.518201446533203125e+01 -1.347463703155517578e+01
3.987612533569335938e+01 4.353465270996093750e+01
-1.417979335784912109e+01 -2.088515043258666992e+00
4.322877407073974609e+00 -6.874003601074218750e+01
1.664517211914062500e+01 4.077216720581054688e+01
-4.720965576171875000e+01 -2.602620506286621094e+01
-6.102978897094726562e+01 -2.611329269409179688e+01
-2.853439712524414062e+01 -3.048853874206542969e+01
-1.235354995727539062e+01 -8.166430664062500000e+01
-6.475936889648437500e+01 -8.029578208923339844e+00
3.638005828857421875e+01 3.751964569091796875e+01
-1.920352935791015625e+01 6.383982849121093750e+01
1.303257656097412109e+01 2.759967613220214844e+01
6.252649784088134766e+00 -3.852056121826171875e+01
-3.449955701828002930e+00 3.277930068969726562e+01
-2.987948226928710938e+01 1.179125022888183594e+01
4.775145053863525391e+00 -1.387652206420898438e+01
-2.217919540405273438e+01 2.108518981933593750e+01
-1.301441192626953125e+01 1.885849761962890625e+01
-3.347584533691406250e+01 -2.283581733703613281e+01
8.285299539566040039e-01 -1.353763222694396973e+00
6.148107528686523438e+01 3.136999368667602539e+00
4.470341491699218750e+01 3.775531291961669922e+00
-2.960825729370117188e+01 -6.615679931640625000e+01
-9.960618019104003906e+00 1.037339687347412109e+01
3.342902374267578125e+01 -1.675391578674316406e+01
-3.729563522338867188e+01 -2.929154205322265625e+01
-2.989546585083007812e+01 -1.495457077026367188e+01
-2.524264335632324219e+01 5.576489257812500000e+01
-4.172349929809570312e+01 -2.046691703796386719e+01
-4.414558410644531250e+01 2.009983825683593750e+01
9.290735721588134766e-01 6.258158206939697266e+00
-1.963737869262695312e+01 1.540104198455810547e+01
-6.624412536621093750e+00 -3.133262825012207031e+01
-1.256966495513916016e+01 5.840492248535156250e+01
-2.496975135803222656e+01 -5.141879558563232422e+00
5.283325195312500000e+01 -3.332770156860351562e+01
7.452420711517333984e+00 -1.134798145294189453e+01
-4.215482711791992188e+01 1.375384616851806641e+01
-2.404570960998535156e+01 5.119588088989257812e+01
-2.768846511840820312e+01 -5.352819824218750000e+01
-6.689745330810546875e+01 -1.173740482330322266e+01
3.371604537963867188e+01 1.912439537048339844e+01
5.144381332397460938e+01 5.197545051574707031e+00
2.084928131103515625e+01 -4.584340572357177734e+00
-2.985578536987304688e+00 -4.977701950073242188e+01
3.994504547119140625e+01 3.217846298217773438e+01
-1.820337104797363281e+01 4.974253654479980469e+00
1.342559456825256348e+00 1.985570335388183594e+01
-3.333824396133422852e+00 3.344747543334960938e+01
6.833134174346923828e+00 -1.317691326141357422e+01
-2.970683479309082031e+01 -3.077621269226074219e+01
3.962719345092773438e+01 -6.417123794555664062e+00
-4.061077880859375000e+01 -1.528108406066894531e+01
-1.105124187469482422e+01 -1.481913328170776367e-01
1.503738689422607422e+01 -7.103793334960937500e+01
5.721738815307617188e+00 1.357383728027343750e+01
3.791310882568359375e+01 3.987971496582031250e+01
5.807642745971679688e+01 1.890043067932128906e+01
3.795280456542968750e+01 -3.645966720581054688e+01
6.346894836425781250e+01 -1.497134566307067871e+00
3.447714614868164062e+01 -3.514511489868164062e+01
-7.323794364929199219e+00 5.935946655273437500e+01
-1.694004631042480469e+01 -2.254897117614746094e+01
-1.640957450866699219e+01 1.898762893676757812e+01
1.691822814941406250e+01 -1.187104415893554688e+01
1.039369106292724609e+01 -3.187701988220214844e+01
7.753287553787231445e-01 -1.120672798156738281e+01
1.186533355712890625e+01 -3.997085952758789062e+01
5.689133453369140625e+01 3.175182104110717773e+00
1.405248928070068359e+01 7.091080665588378906e+00
1.780438232421875000e+01 -6.369482994079589844e+00
1.016780090332031250e+01 -6.757051086425781250e+01
-5.165776443481445312e+01 -1.918195343017578125e+01
2.525398015975952148e+00 5.608668518066406250e+01
3.436764907836914062e+01 3.969300842285156250e+01
-3.757599639892578125e+01 -3.028127670288085938e+01
3.046082973480224609e+00 3.557818984985351562e+01
7.955603122711181641e+00 3.794925928115844727e+00
-6.337142562866210938e+01 -1.318442726135253906e+01
-3.382151412963867188e+01 -7.063775634765625000e+01
-1.003608894348144531e+01 2.816487693786621094e+01
-3.719481277465820312e+01 -2.243850898742675781e+01
5.632349777221679688e+01 -2.787218666076660156e+01
1.356765842437744141e+01 -3.095988845825195312e+01
6.486145019531250000e+01 2.470173072814941406e+01
2.334092855453491211e+00 3.639468002319335938e+01
5.333118057250976562e+01 2.374451398849487305e+00
-7.793058395385742188e+00 4.345570087432861328e+00
4.230508422851562500e+01 -1.113541793823242188e+01
3.016656494140625000e+01 2.260176467895507812e+01
-1.298840904235839844e+01 -8.008037567138671875e+01
-2.932159996032714844e+01 -5.540037536621093750e+01
5.635580825805664062e+01 -1.934802770614624023e+00
-6.756452322006225586e-01 4.729891204833984375e+01
-5.673211288452148438e+01 -3.042545700073242188e+01
-2.939724349975585938e+01 -2.055012702941894531e+01
-1.729296684265136719e+01 -5.238602828979492188e+01
-3.892424392700195312e+01 -1.413701152801513672e+01
-1.922644424438476562e+01 -4.015105438232421875e+01
9.709549903869628906e+00 3.487083053588867188e+01
4.729144668579101562e+01 4.005732345581054688e+01
4.346908569335937500e+01 5.013308334350585938e+01
-3.349189519882202148e+00 -3.948651123046875000e+01
1.417073059082031250e+01 -3.012133026123046875e+01
-2.984439659118652344e+01 -2.137483978271484375e+01
-5.278579330444335938e+01 -1.671560525894165039e+00
4.333040618896484375e+01 -3.671128845214843750e+01
1.381811141967773438e+00 1.670723533630371094e+01
-2.571598768234252930e+00 -5.934662342071533203e+00
1.293432617187500000e+01 -3.367648315429687500e+01
3.925315856933593750e+01 4.276033782958984375e+01
-5.656058311462402344e+00 -4.628042876720428467e-01
-2.443637698888778687e-01 6.596768856048583984e+00
-2.603491401672363281e+01 9.693465232849121094e+00
4.801644515991210938e+01 4.155700302124023438e+01
5.332580947875976562e+01 1.154938602447509766e+01
8.162090778350830078e-01 1.816104698181152344e+01
-8.098868370056152344e+00 -4.249548339843750000e+01
3.928565597534179688e+01 3.450023269653320312e+01
6.749354553222656250e+01 2.687451171875000000e+01
3.341030502319335938e+01 -3.384535980224609375e+01
1.657404327392578125e+01 4.928305435180664062e+01
3.490298843383789062e+01 2.133477401733398438e+01
3.386579513549804688e+01 1.477219295501708984e+01
9.267273902893066406e+00 -6.873850250244140625e+01
5.146711730957031250e+01 -5.260509014129638672e+00
-3.410298538208007812e+01 -1.594486904144287109e+01
-2.344586753845214844e+01 -6.221986770629882812e+01
-4.781353759765625000e+01 -3.114670181274414062e+01
3.625846481323242188e+01 -3.900234222412109375e+01
-1.601840591430664062e+01 4.987929916381835938e+01
-1.454567337036132812e+01 5.624633789062500000e+01
-5.053966522216796875e+00 2.571865844726562500e+01
-3.526362991333007812e+01 -2.134952354431152344e+01
4.990872955322265625e+01 4.405372238159179688e+01
6.397401428222656250e+01 2.337670707702636719e+01
5.176435470581054688e+01 -2.913286399841308594e+01
-2.034460067749023438e+01 4.749748992919921875e+01
-1.424397528171539307e-01 3.867908716201782227e+00
-4.687868118286132812e+01 -2.492785453796386719e+01
6.469289398193359375e+01 2.394501876831054688e+01
-3.070114517211914062e+01 -5.638931655883789062e+01
-2.359145736694335938e+01 2.158099174499511719e+01
4.331715011596679688e+01 1.904676628112792969e+01
1.000777816772460938e+01 1.795293998718261719e+01
-1.094177818298339844e+01 -2.680132102966308594e+01
-1.901937484741210938e+00 6.891663074493408203e+00
-2.414945602416992188e+01 5.372861862182617188e+01
-4.589349365234375000e+01 -1.706352424621582031e+01
3.700753021240234375e+01 3.376081466674804688e+01
-1.309375858306884766e+01 -5.438946914672851562e+01
-4.830007171630859375e+01 2.309268569946289062e+01
-4.714587020874023438e+01 -1.444521427154541016e+01
4.104704380035400391e+00 1.875513648986816406e+01
-2.041134262084960938e+01 8.192009925842285156e+00
-2.166553306579589844e+01 -5.225133132934570312e+01
2.898804473876953125e+01 3.511244964599609375e+01
-2.407593345642089844e+01 -6.063718795776367188e+01
-1.555063343048095703e+01 -8.985359191894531250e+00
-2.020579719543457031e+01 6.141996765136718750e+01
-1.304388761520385742e+00 -6.274474263191223145e-01
4.617288589477539062e+01 3.307612228393554688e+01
-5.211533737182617188e+01 1.163496112823486328e+01
-5.703105449676513672e+00 -6.629268646240234375e+00
1.329400634765625000e+01 -2.255057334899902344e+01
1.755748510360717773e+00 5.527164459228515625e+01
-4.995425796508789062e+01 -1.090734577178955078e+01
-9.069305419921875000e+00 1.054024314880371094e+01
2.846188163757324219e+01 3.618343353271484375e+01
7.003956604003906250e+01 1.604418945312500000e+01
3.562255620956420898e+00 4.809000015258789062e+01
1.163330793380737305e+00 -4.336251449584960938e+01
9.298139572143554688e+00 1.448674774169921875e+01
-3.253584671020507812e+01 -5.714305114746093750e+01
-2.315856361389160156e+01 -5.658397674560546875e+01
4.676524353027343750e+01 -1.387841701507568359e+01
-2.672307968139648438e+01 -2.548685073852539062e+01
3.633263778686523438e+01 1.158949184417724609e+01
2.141895294189453125e+01 9.214439392089843750e+00
2.203792953491210938e+01 4.132821273803710938e+01
-2.132886505126953125e+01 -2.299516487121582031e+01
-5.925782775878906250e+01 -1.619805717468261719e+01
-1.116734981536865234e+01 -6.897813320159912109e+00
1.464949798583984375e+01 4.166679382324218750e+01
7.197664260864257812e+00 -1.473978042602539062e+01
-4.465774154663085938e+01 1.085423827171325684e+00
-2.284682273864746094e+01 2.795847129821777344e+01
5.325361633300781250e+01 1.391740131378173828e+01
1.486742210388183594e+01 -4.005706405639648438e+01
-2.991186714172363281e+01 -2.257001304626464844e+01
-2.139555549621582031e+01 5.388201904296875000e+01
-1.487278079986572266e+01 -4.862857437133789062e+01
-1.099190235137939453e+01 5.322782993316650391e+00
8.486348152160644531e+00 -6.958084106445312500e+01
-6.854386901855468750e+01 -2.407592535018920898e+00
-1.584896802902221680e+00 -4.221609878540039062e+01
-1.231147861480712891e+01 -7.861399078369140625e+01
-2.462719535827636719e+01 1.193446350097656250e+01
-2.693861246109008789e+00 -4.903369522094726562e+01
-4.865803909301757812e+01 1.522897243499755859e+01
-2.412504577636718750e+01 4.715724182128906250e+01
-4.932166290283203125e+01 -1.165766811370849609e+01
-2.886675262451171875e+01 2.123783302307128906e+01
6.493408203125000000e+01 2.179316329956054688e+01
2.236944770812988281e+01 5.014916229248046875e+01
5.208163070678710938e+01 -3.060304450988769531e+01
-5.753574371337890625e+01 5.877114534378051758e-01
1.870545387268066406e+00 -6.614648437500000000e+01
-5.104973602294921875e+01 -8.454151749610900879e-01
5.133369445800781250e+01 1.891907119750976562e+01
4.122434997558593750e+01 3.385349655151367188e+01
-1.182107353210449219e+01 4.037832260131835938e+01
-4.097349166870117188e+00 2.240980720520019531e+01
1.946437835693359375e+01 -8.920776367187500000e+00
-2.712877082824707031e+01 1.026625728607177734e+01
1.029839611053466797e+01 -4.686431121826171875e+01
-1.267089748382568359e+01 1.296124935150146484e+01
2.610393905639648438e+01 2.583927917480468750e+01
-1.138064670562744141e+01 2.173661994934082031e+01
4.160231399536132812e+01 4.329812240600585938e+01
5.009499359130859375e+01 1.095545959472656250e+01
2.704871368408203125e+01 -5.234350681304931641e+00
4.120800018310546875e+01 1.334278297424316406e+01
6.036964797973632812e+01 -6.490247249603271484e-01
1.012280583381652832e+00 5.569318008422851562e+01
4.066577148437500000e+01 -1.953251647949218750e+01
-1.045478057861328125e+01 -8.160049438476562500e+01
6.018737792968750000e+00 -1.202781009674072266e+01
9.455458641052246094e+00 -1.644978141784667969e+01
-1.688009452819824219e+01 -1.407238197326660156e+01
1.377941799163818359e+01 9.865376472473144531e+00
9.359639167785644531e+00 -4.054964065551757812e+01
4.203850173950195312e+01 1.803669738769531250e+01
1.313215732574462891e+01 2.061398887634277344e+01
-2.912600708007812500e+01 -5.398466110229492188e+01
2.853886413574218750e+01 -2.796465492248535156e+01
3.608729934692382812e+01 -3.642609786987304688e+01
-7.271282672882080078e+00 4.009878540039062500e+01
-2.889175224304199219e+01 1.892881965637207031e+01
3.786467361450195312e+01 -2.194508743286132812e+01
-7.558332920074462891e+00 -3.626908874511718750e+01
-1.731795120239257812e+01 -1.197782135009765625e+01
-4.492390060424804688e+01 -8.730895042419433594e+00
1.164697647094726562e+01 -3.527920150756835938e+01
-1.761428356170654297e+00 3.084236526489257812e+01
5.157080078125000000e+01 4.374757003784179688e+01
-2.855512237548828125e+01 -5.640549850463867188e+01
-5.032265853881835938e+01 1.688221549987792969e+01
6.983393669128417969e+00 7.188057899475097656e+00
9.661362648010253906e+00 -9.496371269226074219e+00
-1.519419097900390625e+01 -7.196315765380859375e+01
-5.452527999877929688e+01 -2.946702575683593750e+01
4.128658676147460938e+01 -2.105627632141113281e+01
-1.478873538970947266e+01 5.428435897827148438e+01
-1.401662445068359375e+01 -4.568546676635742188e+01
6.700596332550048828e+00 -1.674325942993164062e+01
-3.295824813842773438e+01 2.658563041687011719e+01
-1.584497165679931641e+01 -1.208259677886962891e+01
5.909053802490234375e+00 1.770425605773925781e+01
1.059293365478515625e+01 2.553846359252929688e+00
-1.955790138244628906e+01 5.151500320434570312e+01
6.993764495849609375e+01 1.889034461975097656e+01
-2.847972869873046875e+01 3.067550468444824219e+01
7.853710651397705078e+00 1.552684307098388672e+01
3.542042541503906250e+01 3.239281082153320312e+01
1.087780189514160156e+01 2.310272407531738281e+01
5.052167892456054688e+01 3.482384872436523438e+01
-2.384440231323242188e+01 -1.991764068603515625e+01
2.915997123718261719e+01 2.988691520690917969e+01
-2.913780975341796875e+01 -1.079092502593994141e+01
5.605432128906250000e+01 -2.684441375732421875e+01
5.704908847808837891e+00 2.768389511108398438e+01
-5.482183074951171875e+01 2.013678932189941406e+01
-3.525172042846679688e+01 -8.909537315368652344e+00
7.596554756164550781e+00 4.548896026611328125e+01
-4.594303131103515625e+01 1.323568153381347656e+01
1.789614319801330566e+00 6.907109022140502930e-01
-8.100892066955566406e+00 -1.475461101531982422e+01
-3.043085479736328125e+01 4.127682495117187500e+01
-2.843852806091308594e+01 -1.021935844421386719e+01
1.148656368255615234e+01 -1.076010417938232422e+01
1.899416732788085938e+01 -3.450262832641601562e+01
-6.274690246582031250e+01 -1.049661350250244141e+01
2.459765225648880005e-01 3.796147537231445312e+01
-4.087341690063476562e+01 -2.692178344726562500e+01
-6.745085716247558594e+00 -1.616622543334960938e+01
5.885844707489013672e+00 7.387321472167968750e+00
3.059330940246582031e+01 -3.499306106567382812e+01
-4.467118835449218750e+01 -3.324164628982543945e+00
4.948077392578125000e+01 3.250397872924804688e+01
-3.827204895019531250e+01 -2.875414085388183594e+01
3.616617965698242188e+01 3.954227685928344727e+00
-2.655582809448242188e+01 5.042081832885742188e+01
1.780920982360839844e+01 -3.608869934082031250e+01
-3.056058120727539062e+01 -7.101477813720703125e+01
-4.593182754516601562e+01 7.759424209594726562e+00
-1.857576942443847656e+01 -5.068792724609375000e+01
-2.344357490539550781e+01 -1.375064659118652344e+01
-1.276158046722412109e+01 -5.138431549072265625e+01
-2.504940414428710938e+01 -5.916645050048828125e+01
4.059309387207031250e+01 -4.440921306610107422e+00
-4.842430877685546875e+01 1.836798286437988281e+01
-3.601939010620117188e+01 -2.498196792602539062e+01
3.960059356689453125e+01 -2.830907630920410156e+01
3.463156890869140625e+01 -2.503754997253417969e+01
-6.120895767211914062e+01 -1.082440567016601562e+01
-5.917972564697265625e+00 3.870746612548828125e+01
4.498913955688476562e+01 -2.908472061157226562e+01
2.622054672241210938e+01 5.631539821624755859e+00
5.747759246826171875e+01 -2.673688697814941406e+01
-2.083111953735351562e+01 -2.040856361389160156e+01
8.706444740295410156e+00 2.589213562011718750e+01
1.677197456359863281e+01 -2.729763603210449219e+01
4.746107482910156250e+01 4.050172424316406250e+01
-1.978151893615722656e+01 1.997081184387207031e+01
-2.336689758300781250e+01 -4.934544372558593750e+01
1.363388633728027344e+01 -4.791152191162109375e+01
-1.407353210449218750e+01 -7.341084289550781250e+01
7.687410354614257812e+00 -7.259263038635253906e+00
9.520814895629882812e+00 -9.639487266540527344e-01
3.754919815063476562e+01 1.605723762512207031e+01
2.097324752807617188e+01 1.687146377563476562e+01
-1.520291614532470703e+01 2.858680915832519531e+01
3.252350616455078125e+01 3.263467025756835938e+01
5.514350509643554688e+01 -2.829032897949218750e+01
-5.900368690490722656e+00 2.076636123657226562e+01
-1.666211962699890137e+00 -3.988331222534179688e+01
4.380223846435546875e+01 -2.865295600891113281e+01
3.489526748657226562e+01 4.765261459350585938e+01
1.816272586584091187e-01 5.067652130126953125e+01
-2.359723472595214844e+01 2.860664939880371094e+01
-6.170882415771484375e+01 -1.654622840881347656e+01
-6.612564086914062500e+00 4.481633758544921875e+01
4.013305664062500000e+01 -3.625655746459960938e+01
-3.105196762084960938e+01 -6.930133819580078125e+01
-1.061263751983642578e+01 5.128596115112304688e+01
-3.640387344360351562e+01 -9.159322738647460938e+00
-1.239457225799560547e+01 -7.421488189697265625e+01
-2.766280937194824219e+01 -3.148543167114257812e+01
-5.823174715042114258e-01 -5.874836349487304688e+01
2.596568298339843750e+01 7.562147617340087891e+00
-1.666051864624023438e+01 3.358120727539062500e+01
-4.332415390014648438e+01 -1.411954498291015625e+01
-3.617807388305664062e+01 -3.729191970825195312e+01
-2.945244598388671875e+01 -6.892763519287109375e+01
7.589992046356201172e+00 3.293121719360351562e+01
8.751886487007141113e-01 2.568572998046875000e+00
-1.701790428161621094e+01 1.089153575897216797e+01
-5.664979553222656250e+01 -2.180135345458984375e+01
1.527957725524902344e+01 4.296928405761718750e+00
-2.396584701538085938e+01 -1.398003292083740234e+01
4.417546463012695312e+01 2.047667312622070312e+01
3.256380081176757812e+01 2.755422592163085938e+01
3.778953552246093750e+01 3.151865768432617188e+01
8.916942596435546875e+00 -3.379787826538085938e+01
5.041427612304687500e+01 2.005022811889648438e+01
-3.565477752685546875e+01 -3.025674057006835938e+01
6.349799156188964844e+00 -3.323306274414062500e+01
3.737913513183593750e+01 -3.491583633422851562e+01
-2.593280982971191406e+01 -4.663624763488769531e+00
1.138116455078125000e+01 -6.860486602783203125e+01
1.281038093566894531e+01 2.930105400085449219e+01
3.831019210815429688e+01 1.412389945983886719e+01
-5.342116832733154297e+00 -3.286796808242797852e+00
-1.779147338867187500e+01 -4.595152664184570312e+01
3.418568038940429688e+01 3.849095916748046875e+01
8.038296699523925781e+00 1.297153234481811523e+00
1.257131481170654297e+01 4.552001953125000000e+01
4.502295303344726562e+01 1.861734008789062500e+01
-4.210058212280273438e+00 -1.936722564697265625e+01
-4.037779617309570312e+01 4.085414886474609375e+01
-5.499017238616943359e+00 4.794195175170898438e+01
-1.033521747589111328e+01 9.329945564270019531e+00
1.966909790039062500e+01 1.322353553771972656e+01
6.378742218017578125e+01 2.536897659301757812e+01
5.813310623168945312e+01 3.372326278686523438e+01
-8.413120269775390625e+00 -4.757332324981689453e+00
4.946111297607421875e+01 -3.186760330200195312e+01
1.640042114257812500e+01 1.901298141479492188e+01
2.557447195053100586e+00 5.424758911132812500e+01
-4.720106506347656250e+01 -2.270575141906738281e+01
1.050085353851318359e+01 1.815090751647949219e+01
4.211546421051025391e+00 -3.121521568298339844e+01
-4.983969497680664062e+01 -2.929140090942382812e+01
1.647417259216308594e+01 2.440431022644042969e+01
2.596572637557983398e-01 1.279327678680419922e+01
2.881009674072265625e+01 -1.858552742004394531e+01
1.075416946411132812e+01 -4.265868663787841797e+00
-1.101516723632812500e+01 1.098567867279052734e+01
-4.834553718566894531e+00 9.830680847167968750e+00
1.720425224304199219e+01 6.755638122558593750e+00
-1.744768905639648438e+01 -7.133821964263916016e+00
3.789849090576171875e+01 4.374217987060546875e+01
5.383605957031250000e+01 3.021954345703125000e+01
1.383455657958984375e+01 -2.582907915115356445e+00
-1.147498130798339844e+01 -8.010727691650390625e+01
-1.210369110107421875e+01 -5.092850494384765625e+01
-3.574015045166015625e+01 -1.148210883140563965e+00
-4.532667636871337891e+00 -4.080961227416992188e+01
5.215591812133789062e+01 3.967839813232421875e+01
-3.821696853637695312e+01 -5.306727218627929688e+01
-5.721867752075195312e+01 -2.355516910552978516e+00
-5.149112701416015625e+01 -1.721847534179687500e+00
-5.151916122436523438e+01 1.982320976257324219e+01
1.531228446960449219e+01 -4.263124167919158936e-01
-1.306540489196777344e+01 4.871479415893554688e+01
-4.826594161987304688e+01 -2.664348983764648438e+01
-5.435239791870117188e+01 -2.486621475219726562e+01
-4.267887878417968750e+01 1.206112766265869141e+01
5.753507995605468750e+01 1.921432685852050781e+01
4.037697219848632812e+01 3.604247665405273438e+01
6.397641658782958984e+00 -5.693024063110351562e+01
-2.960641098022460938e+01 -1.419697999954223633e+00
5.469724273681640625e+01 -2.346724748611450195e+00
-1.713100051879882812e+01 2.384475898742675781e+01
2.203673362731933594e+00 -1.504255294799804688e+01
-1.579512476921081543e+00 5.846791076660156250e+01
-3.478255844116210938e+01 -5.613781738281250000e+01
3.851772689819335938e+01 2.138200759887695312e+01
3.915560913085937500e+01 -2.034949874877929688e+01
4.855383872985839844e+00 3.349534988403320312e+01
-4.615858840942382812e+01 1.540965843200683594e+01
-4.033065032958984375e+01 -1.928209686279296875e+01
-3.631451129913330078e+00 5.889067649841308594e+00
4.723157405853271484e+00 9.203344345092773438e+00
-3.588090133666992188e+01 1.690018463134765625e+01
5.360260009765625000e+01 9.502119064331054688e+00
-3.213367843627929688e+01 -6.497893524169921875e+01
2.649461936950683594e+01 8.889358520507812500e+00
-1.654650497436523438e+01 5.692004203796386719e+00
-2.614999008178710938e+01 -6.112131881713867188e+01
6.313513565063476562e+01 1.927520871162414551e+00
-5.144912719726562500e+01 -2.494899940490722656e+01
-7.806817531585693359e+00 2.272173309326171875e+01
3.253185272216796875e+00 1.314693546295166016e+01
3.053001880645751953e+00 2.282865524291992188e+00
3.221252822875976562e+01 5.611240386962890625e+00
-3.095656585693359375e+01 -7.262374114990234375e+01
-8.124310493469238281e+00 -9.025886535644531250e+00
-6.017742156982421875e-01 2.174197769165039062e+01
-1.203995108604431152e+00 5.258232116699218750e+01
-4.762108612060546875e+01 1.183075714111328125e+01
-1.137311363220214844e+01 -3.197435379028320312e+00
-1.052416324615478516e+01 -7.826024627685546875e+01
4.611098480224609375e+01 4.146876907348632812e+01
4.141602706909179688e+01 -8.433390808105468750e+01
2.230128669738769531e+01 6.432723522186279297e+00
-1.903357887268066406e+01 5.783134841918945312e+01
-3.754706192016601562e+01 -1.861672401428222656e+01
3.701504945755004883e+00 -4.071380996704101562e+01
-1.356201171875000000e+01 2.430370903015136719e+01
-1.564556598663330078e+01 4.109604263305664062e+01
-3.483700561523437500e+01 -3.102215385437011719e+01
-5.905813598632812500e+01 -2.999836540222167969e+01
-5.720421981811523438e+01 -3.516800308227539062e+01
-3.827126693725585938e+01 -2.034683609008789062e+01
-1.146560668945312500e+01 5.879150390625000000e+01
2.145720481872558594e+01 2.312718009948730469e+01
-1.164910411834716797e+01 -5.289402008056640625e+01
4.053819274902343750e+01 2.333310890197753906e+01
-2.812265396118164062e+01 8.846982955932617188e+00
3.122797584533691406e+01 4.132390022277832031e+00
6.148249816894531250e+01 3.481895828247070312e+01
3.997771835327148438e+01 -9.554011535644531250e+01
5.713173675537109375e+01 -2.860936546325683594e+01
5.408215332031250000e+01 -1.763996696472167969e+01
-2.078427314758300781e+00 5.014989471435546875e+01
4.822939682006835938e+01 -3.996405410766601562e+01
-1.021099662780761719e+01 2.793353557586669922e+00
2.368693351745605469e+01 1.285793209075927734e+01
-2.100661277770996094e+01 1.110836696624755859e+01
5.595206832885742188e+01 -1.298351383209228516e+01
3.510041236877441406e+00 5.058457565307617188e+01
2.479572868347167969e+01 1.305857753753662109e+01
4.675346374511718750e+01 -2.097477722167968750e+01
1.691554069519042969e+01 -1.927598571777343750e+01
-2.812196540832519531e+01 5.728081893920898438e+01
-2.656665802001953125e+01 5.778183364868164062e+01
6.057931423187255859e+00 3.668523788452148438e+01
4.602302169799804688e+01 3.150554275512695312e+01
-3.100852012634277344e+00 1.106799888610839844e+01
-2.421036720275878906e+01 -5.374003410339355469e+00
4.091287231445312500e+01 -3.636319351196289062e+01
6.019158959388732910e-01 -1.799794769287109375e+01
1.299581241607666016e+01 -7.017816162109375000e+01
4.127252197265625000e+01 -6.243206501007080078e+00
-9.223048210144042969e+00 -3.547952651977539062e+01
-5.816645050048828125e+01 -2.935130882263183594e+01
1.922316551208496094e+01 1.050416660308837891e+01
3.426168823242187500e+01 3.490246963500976562e+01
-5.478499603271484375e+01 1.730082893371582031e+01
-5.107043838500976562e+01 -3.059948921203613281e+00
1.040636348724365234e+01 3.175139427185058594e+01
2.867876625061035156e+01 3.430826950073242188e+01
4.062064361572265625e+01 4.249407768249511719e+00
4.267712116241455078e+00 3.607048797607421875e+01
2.305455684661865234e+00 6.393267631530761719e+00
1.485763192176818848e+00 1.451444339752197266e+01
-6.136412429809570312e+01 -1.610758209228515625e+01
-2.560826873779296875e+01 -5.423222732543945312e+01
-2.575969505310058594e+01 -5.185120391845703125e+01
6.186910247802734375e+01 9.059176445007324219e+00
1.395994281768798828e+01 -6.859815216064453125e+01
5.451424789428710938e+01 -7.774503231048583984e+00
6.699481201171875000e+01 2.629134559631347656e+01
2.214924049377441406e+01 -3.347676992416381836e+00
-4.513147735595703125e+01 -2.208238029479980469e+01
-2.897944450378417969e+01 6.699663639068603516e+00
5.182806491851806641e+00 -3.326906919479370117e+00
-6.238925552368164062e+01 -8.222274780273437500e+00
-4.395801925659179688e+01 -1.072625732421875000e+01
-1.339036464691162109e+01 5.202473449707031250e+01
5.737662506103515625e+01 9.649784088134765625e+00
5.423578262329101562e+01 2.960511970520019531e+01
5.272890472412109375e+01 -2.998017883300781250e+01
5.070871353149414062e+01 4.452389717102050781e+00
4.055193710327148438e+01 1.356558322906494141e+01
4.753771209716796875e+01 1.475627803802490234e+01
2.402041435241699219e+01 5.239406967163085938e+01
1.737174987792968750e+01 -3.502342224121093750e+01
-1.066877651214599609e+01 -3.835382461547851562e+01
-5.708340167999267578e+00 5.249665451049804688e+01
5.006733894348144531e+00 -4.360792160034179688e+01
5.107787609100341797e+00 -3.585026550292968750e+01
-2.165567316114902496e-02 -4.687208557128906250e+01
-5.675921630859375000e+01 -2.363574981689453125e+01
-1.636458778381347656e+01 6.660841369628906250e+01
4.051668548583984375e+01 2.909610176086425781e+01
-3.887539863586425781e+00 -2.639975357055664062e+01
1.272121620178222656e+01 -1.190764999389648438e+01
-1.674394989013671875e+01 -5.089951324462890625e+01
4.786925125122070312e+01 3.857094573974609375e+01
6.294840240478515625e+01 1.952982521057128906e+01
-4.939100742340087891e+00 2.171392679214477539e+00
1.747884368896484375e+01 1.133600521087646484e+01
-4.303607559204101562e+01 -1.805489540100097656e+01
1.780438232421875000e+01 2.714091062545776367e+00
-2.758804130554199219e+01 2.010879707336425781e+01
-6.556881713867187500e+01 -9.915176391601562500e+00
3.624635457992553711e+00 -6.674993133544921875e+01
5.712410736083984375e+01 -9.207695960998535156e+00
1.319247186183929443e-01 3.724615478515625000e+01
6.406724548339843750e+01 -2.039851427078247070e+00
4.420192337036132812e+01 5.029952621459960938e+01
-5.327606964111328125e+01 1.332470035552978516e+01
-1.230413150787353516e+01 -1.075218582153320312e+01
-1.790857696533203125e+01 -5.507162857055664062e+01
7.121922969818115234e+00 3.035964202880859375e+01
1.415273857116699219e+01 -1.605315399169921875e+01
2.563182115554809570e+00 3.500837326049804688e+01
-3.124847030639648438e+01 -6.794953155517578125e+01
4.607731246948242188e+01 3.938792419433593750e+01
-9.723992347717285156e+00 1.251492500305175781e+00
1.956507301330566406e+01 4.971524715423583984e+00
3.548479843139648438e+01 -8.096151733398437500e+01
-5.805732727050781250e+01 -2.479029655456542969e+01
-6.634124755859375000e+01 -1.196124172210693359e+01
5.158343887329101562e+01 -3.468077087402343750e+01
3.969670486450195312e+01 -1.182397270202636719e+01
1.201071619987487793e+00 7.697229385375976562e+00
-8.642501831054687500e+00 1.898983764648437500e+01
3.698767852783203125e+01 3.689076614379882812e+01
5.507421493530273438e+01 1.650377273559570312e+01
1.433015155792236328e+01 4.019205093383789062e+01
3.054261779785156250e+01 3.527374267578125000e+01
-1.451378345489501953e+01 1.654375839233398438e+01
-1.104458045959472656e+01 1.783431053161621094e+01
1.137444400787353516e+01 -7.027970314025878906e+00
9.376880645751953125e+00 5.623653411865234375e+00
8.950081825256347656e+00 -1.462902736663818359e+01
-4.338500213623046875e+01 2.835610771179199219e+01
1.106794261932373047e+01 -6.409559631347656250e+01
2.286720275878906250e+01 -3.273330688476562500e+00
-2.226977157592773438e+01 -6.295074844360351562e+01
1.938382339477539062e+01 3.180178451538085938e+01
-3.334401321411132812e+01 -2.662039566040039062e+01
7.756591320037841797e+00 -2.192526817321777344e+01
-4.752317428588867188e+01 -1.860630607604980469e+01
-8.676836490631103516e-01 2.880681419372558594e+01
-2.816681289672851562e+01 -2.969272041320800781e+01
-5.149091720581054688e+01 -2.102242660522460938e+01
4.010448074340820312e+01 1.883861541748046875e+01
3.608410644531250000e+01 -3.824019622802734375e+01
5.203607177734375000e+01 -3.364707946777343750e+01
-3.592539978027343750e+01 -1.319495964050292969e+01
4.038385391235351562e+01 -8.618935394287109375e+01
-6.163838195800781250e+01 -2.290148544311523438e+01
2.425862121582031250e+01 -4.005119705200195312e+01
-3.856963348388671875e+01 -2.606330490112304688e+01
-4.800129413604736328e+00 -1.987321472167968750e+01
-5.480356597900390625e+01 1.950583648681640625e+01
5.044138336181640625e+01 3.635905456542968750e+01
-1.413100814819335938e+01 7.416814327239990234e+00
-9.665859222412109375e+00 5.499781036376953125e+01
4.266573715209960938e+01 4.992034530639648438e+01
4.875417709350585938e+01 -2.554830932617187500e+01
-4.085588836669921875e+01 1.248689460754394531e+01
5.801556777954101562e+01 2.447652816772460938e+00
-3.616915893554687500e+01 7.705413818359375000e+00
1.960678100585937500e+00 3.787111759185791016e+00
2.219985246658325195e+00 5.291057586669921875e+00
-2.720396804809570312e+01 -1.660690689086914062e+01
2.770235443115234375e+01 1.323988151550292969e+01
-3.616415405273437500e+01 -6.814529418945312500e+01
1.866124725341796875e+01 1.753960227966308594e+01
-1.423005390167236328e+01 1.455047130584716797e+01
-2.060600090026855469e+01 5.451201629638671875e+01
3.692159354686737061e-01 9.985923767089843750e+00
6.977367401123046875e+01 2.070038986206054688e+01
-8.154460906982421875e+00 -1.328630328178405762e+00
-3.061285495758056641e+00 3.811263322830200195e+00
3.736678314208984375e+01 2.580862236022949219e+01
-8.637060165405273438e+00 4.034837341308593750e+01
-3.826939010620117188e+01 -9.199818611145019531e+00
3.945589447021484375e+01 -1.788147544860839844e+01
-6.708108520507812500e+01 -1.174516963958740234e+01
2.540622138977050781e+01 2.544038009643554688e+01
-3.693850326538085938e+01 1.171047592163085938e+01
-2.338043749332427979e-01 5.294625282287597656e+00
4.009134292602539062e+01 1.673079490661621094e+01
1.080913352966308594e+01 -3.828969192504882812e+01
2.887988090515136719e+01 -1.922371864318847656e+01
2.575140953063964844e+00 -3.695214843750000000e+01
3.918496322631835938e+01 -3.756086730957031250e+01
2.724414587020874023e+00 2.955627632141113281e+01
-6.902183532714843750e+00 -1.335207366943359375e+01
5.324347686767578125e+01 3.671795272827148438e+01
1.307149767875671387e+00 -3.380038452148437500e+01
-3.813725662231445312e+01 -1.280586528778076172e+01
5.618338012695312500e+01 1.049762916564941406e+01
-2.264646720886230469e+01 4.234804916381835938e+01
-2.791141033172607422e+00 -4.122157669067382812e+01
-1.521188926696777344e+01 -4.274435806274414062e+01
-2.102250337600708008e+00 8.995149612426757812e+00
4.256673049926757812e+01 2.043206596374511719e+01
6.387569046020507812e+01 2.762942886352539062e+01
-2.840878677368164062e+01 -6.079378890991210938e+01
1.957508444786071777e+00 2.237795257568359375e+01
2.833971214294433594e+01 -2.938356781005859375e+01
-3.641144943237304688e+01 -1.025667095184326172e+01
-1.169830513000488281e+01 -4.765295410156250000e+01
4.074787521362304688e+01 2.109296989440917969e+01
-4.206863021850585938e+01 2.958074951171875000e+01
8.637708663940429688e+00 -3.707330322265625000e+01
1.515646457672119141e+01 -4.164523601531982422e+00
2.570003867149353027e-01 -6.171371078491210938e+01
2.688392829895019531e+01 4.756592559814453125e+01
4.251020812988281250e+01 -1.407453894615173340e+00
4.303466796875000000e+01 3.461040973663330078e+00
5.031532764434814453e+00 -8.024260520935058594e+00
-4.488182067871093750e+01 -2.611003684997558594e+01
6.728077411651611328e+00 -6.885168457031250000e+01
4.703099060058593750e+01 3.657099151611328125e+01
-2.743046188354492188e+01 -4.936967468261718750e+01
2.636466789245605469e+01 4.803297805786132812e+01
-2.037513542175292969e+01 -6.073982238769531250e+01
1.814020919799804688e+01 4.114080047607421875e+01
-4.077377700805664062e+01 -1.306171607971191406e+01
3.790290069580078125e+01 -6.318016052246093750e+00
2.344548034667968750e+01 1.848437309265136719e+01
-7.126459121704101562e+00 1.623425865173339844e+01
4.281544876098632812e+01 2.485435485839843750e+01
-2.710532188415527344e+01 5.548331069946289062e+01
4.474374771118164062e+01 1.179565525054931641e+01
8.774445533752441406e+00 -2.840238189697265625e+01
-3.047989273071289062e+01 4.177865600585937500e+01
-1.736134529113769531e+01 2.011754417419433594e+01
3.917102813720703125e+01 -9.425030517578125000e+01
3.002678155899047852e+00 2.542593574523925781e+01
-2.703469657897949219e+01 3.650320816040039062e+01
1.398637390136718750e+01 -4.830286407470703125e+01
3.835042953491210938e+01 3.338159942626953125e+01
-1.860256576538085938e+01 -2.615264129638671875e+01
-5.990567398071289062e+01 -2.595683097839355469e+01
-2.516216087341308594e+01 -6.308750534057617188e+01
4.363541030883789062e+01 3.664759826660156250e+01
-5.438901901245117188e+00 3.070823669433593750e+01
-3.028142547607421875e+01 1.964297103881835938e+01
2.012274503707885742e+00 -6.817730712890625000e+01
-1.915282249450683594e+01 3.801791763305664062e+01
-6.938730239868164062e+00 8.418365478515625000e+00
-1.881585311889648438e+01 5.403319168090820312e+01
-2.997370147705078125e+01 -5.899880599975585938e+01
-3.299946975708007812e+01 -1.340122604370117188e+01
2.876964187622070312e+01 -2.740950393676757812e+01
1.010577678680419922e+01 1.463235282897949219e+01
1.585225296020507812e+01 -3.562925720214843750e+01
-2.787493324279785156e+01 -5.860523986816406250e+01
1.223809719085693359e+01 4.648077487945556641e+00
-5.266116333007812500e+01 -1.780368614196777344e+01
8.944905281066894531e+00 8.467817306518554688e+00
2.957205295562744141e+00 1.729259300231933594e+01
2.665253639221191406e+01 1.710821151733398438e+01
3.649849700927734375e+01 -3.811477661132812500e+00
9.179698944091796875e+00 -3.857225418090820312e+01
5.751053237915039062e+01 2.061511421203613281e+01
2.138908863067626953e+00 9.179705619812011719e+00
3.671619033813476562e+01 1.106863784790039062e+01
-9.118732452392578125e+00 3.483599472045898438e+01
5.454956817626953125e+01 6.852799892425537109e+00
-3.123251152038574219e+01 2.189100837707519531e+01
3.220540237426757812e+01 1.816461372375488281e+01
-1.351508903503417969e+01 3.859050750732421875e+01
-2.208542060852050781e+01 5.272674560546875000e+01
-2.024688148498535156e+01 -3.436541748046875000e+01
-5.472195816040039062e+01 8.162470817565917969e+00
4.422855377197265625e+01 -2.856412887573242188e+00
5.051031494140625000e+01 -2.662732315063476562e+01
-2.594353854656219482e-01 2.508851051330566406e+01
1.185433387756347656e+01 -2.676801872253417969e+01
-6.557615995407104492e-01 5.370983123779296875e+01
3.507616806030273438e+01 -3.282206726074218750e+01
5.640661716461181641e+00 2.191683769226074219e+01
3.802667999267578125e+01 3.563928604125976562e+01
4.448899078369140625e+01 -3.046896553039550781e+01
5.628170013427734375e+00 1.999499797821044922e+00
-1.505232810974121094e+00 2.826411724090576172e+00
-9.881147384643554688e+00 -2.133115386962890625e+01
-3.262122726440429688e+01 2.621963119506835938e+01
4.924660873413085938e+01 3.997372817993164062e+01
-1.246565818786621094e+01 4.284072875976562500e+01
-4.957511425018310547e+00 1.794213294982910156e+01
2.334389877319335938e+01 1.032500457763671875e+01
-1.513481235504150391e+01 6.341155624389648438e+01
-9.828618049621582031e+00 -7.995959472656250000e+01
-2.684119033813476562e+01 3.586808013916015625e+01
6.920855522155761719e+00 1.029831981658935547e+01
-4.279944229125976562e+01 -8.113844871520996094e+00
-4.327484512329101562e+01 -2.867201995849609375e+01
-3.543284988403320312e+01 -1.946088790893554688e+01
5.766707062721252441e-01 -7.580746650695800781e+00
1.743509101867675781e+01 5.694639205932617188e+01
1.072270035743713379e+00 -1.741798210144042969e+01
-1.161108493804931641e+01 1.546707916259765625e+01
4.571190261840820312e+01 -2.936053466796875000e+01
4.391784286499023438e+01 3.611497402191162109e+00
3.551203536987304688e+01 4.930524063110351562e+01
1.691403388977050781e+01 -2.007202386856079102e+00
1.061608314514160156e+01 -3.405034637451171875e+01
-1.147863197326660156e+01 3.862382888793945312e+01
-6.000205874443054199e-01 -1.411723995208740234e+01
-3.263382339477539062e+01 -5.127958297729492188e+00
2.377039909362792969e+01 5.168864059448242188e+01
5.762883186340332031e+00 2.523994445800781250e+01
-3.697875022888183594e+00 5.095172119140625000e+01
-1.358314037322998047e+01 5.836908721923828125e+01
-4.145778274536132812e+01 1.781372666358947754e+00
7.319413185119628906e+00 3.462593078613281250e+01
1.184756660461425781e+01 -7.041732025146484375e+01
2.559177017211914062e+01 -1.114841270446777344e+01
-4.264774322509765625e+01 -2.444081497192382812e+01
2.639121437072753906e+01 -1.141654491424560547e+01
-4.139832019805908203e+00 2.905784416198730469e+01
4.678356552124023438e+01 4.433993911743164062e+01
-1.689949226379394531e+01 1.413483238220214844e+01
-2.503760147094726562e+01 7.207232952117919922e+00
-1.174648284912109375e+00 4.054709243774414062e+01
-3.414846801757812500e+01 -6.905020904541015625e+01
5.618496704101562500e+01 3.839596176147460938e+01
4.871990680694580078e+00 -3.257115554809570312e+01
7.050140380859375000e+01 2.129499435424804688e+01
-5.005405044555664062e+01 -2.175831604003906250e+01
2.742338752746582031e+01 -2.275881767272949219e+01
-4.058975982666015625e+01 1.792218017578125000e+01
5.279802322387695312e+01 3.540812683105468750e+01
2.449135208129882812e+01 4.982339477539062500e+01
6.284775924682617188e+01 2.208960533142089844e+01
-4.050907516479492188e+01 -3.130062484741210938e+01
5.284734344482421875e+01 1.735696792602539062e+00
5.571161651611328125e+01 3.918108749389648438e+01
4.910350418090820312e+01 -2.303549194335937500e+01
-4.818592834472656250e+01 7.617561340332031250e+00
6.109276962280273438e+01 2.372260093688964844e+01
-5.671748733520507812e+01 -2.383041143417358398e+00
8.238411903381347656e+00 1.265285778045654297e+01
-5.022302627563476562e+01 -2.025309944152832031e+01
-4.628330993652343750e+01 2.202177286148071289e+00
1.539319634437561035e+00 4.851594543457031250e+01
-2.484769821166992188e+01 5.854613113403320312e+01
2.729990386962890625e+01 2.649035263061523438e+01
7.824634552001953125e+00 -6.593682098388671875e+01
-1.471130466461181641e+01 3.563071060180664062e+01
-3.205104589462280273e+00 2.730215454101562500e+01
-5.635464859008789062e+01 1.796285629272460938e+01
1.537397098541259766e+01 3.039066886901855469e+01
4.750131607055664062e+01 8.719828605651855469e+00
-1.198242282867431641e+01 3.070844841003417969e+01
2.437372016906738281e+01 -5.288834381103515625e+01
-4.322494125366210938e+01 -2.295113754272460938e+01
-2.258375740051269531e+01 7.485427379608154297e+00
-2.458263337612152100e-01 -3.187547683715820312e+01
-6.819260406494140625e+01 -1.211691665649414062e+01
1.199424743652343750e+01 -4.537358474731445312e+01
-4.831776046752929688e+01 2.258579063415527344e+01
-3.838308572769165039e+00 6.348947906494140625e+01
1.025299835205078125e+01 -1.286357402801513672e+01
-5.752822494506835938e+01 5.196936130523681641e+00
-3.304340362548828125e+01 -5.098373794555664062e+01
1.100549888610839844e+01 -2.141825556755065918e-01
-3.673017501831054688e+01 -1.568428421020507812e+01
-2.727411270141601562e+01 4.484376907348632812e+00
-1.209274101257324219e+01 5.335434722900390625e+01
4.541399765014648438e+01 -2.533646774291992188e+01
5.402048873901367188e+01 3.690246582031250000e+01
1.861257553100585938e+01 3.969341659545898438e+01
4.041314315795898438e+01 4.079071044921875000e+01
-3.057047080993652344e+01 -5.469435501098632812e+01
-9.495506286621093750e+00 -3.335240173339843750e+01
-3.911523818969726562e+01 -5.145689392089843750e+01
7.129751205444335938e+00 -9.694511413574218750e+00
-4.194434165954589844e+00 5.478648757934570312e+01
1.280266284942626953e+01 3.421722412109375000e+01
1.679471588134765625e+01 3.912154769897460938e+01
7.244342803955078125e+01 -5.523110389709472656e+00
1.465151691436767578e+01 1.736356735229492188e+01
-1.126377105712890625e+01 5.646480941772460938e+01
3.891286849975585938e+01 3.360171318054199219e+00
-4.400761795043945312e+01 1.653381156921386719e+01
-1.150725173950195312e+01 -7.264828491210937500e+01
-1.505250072479248047e+01 -5.023861694335937500e+01
-4.373566055297851562e+01 2.070820617675781250e+01
-4.497708511352539062e+01 1.372568130493164062e+01
5.227780914306640625e+01 1.246706676483154297e+01
6.656924438476562500e+01 2.268673515319824219e+01
5.043524551391601562e+01 4.334566497802734375e+01
4.257072067260742188e+01 -7.412007331848144531e+00
-4.216356754302978516e+00 4.610889434814453125e+01
-1.302486991882324219e+01 -3.296880340576171875e+01
-5.893164825439453125e+01 -2.052377891540527344e+01
4.230966949462890625e+01 -5.234673023223876953e+00
3.640984725952148438e+01 3.531546401977539062e+01
-1.376412105560302734e+01 -1.371556568145751953e+01
4.047949314117431641e+00 6.003128528594970703e+00
-1.300524902343750000e+01 5.550342178344726562e+01
-6.557388305664062500e+00 3.475119781494140625e+01
-5.871688365936279297e+00 2.317010307312011719e+01
4.241387844085693359e+00 -2.880592727661132812e+01
4.532694244384765625e+01 2.280264854431152344e+01
4.294340515136718750e+01 2.228057098388671875e+01
-9.164252281188964844e+00 2.484267807006835938e+01
-3.330519199371337891e-01 1.948167800903320312e+01
3.349168014526367188e+01 -3.186833572387695312e+01
-9.564922332763671875e+00 3.249828338623046875e+01
2.396821403503417969e+01 -5.281667709350585938e+01
-3.500424575805664062e+01 -1.772523117065429688e+01
4.455206298828125000e+01 3.242863845825195312e+01
-3.267121124267578125e+01 -7.364736938476562500e+01
-2.764117431640625000e+01 -7.101982879638671875e+01
1.221829795837402344e+01 -7.185578918457031250e+01
-1.437827825546264648e+00 -6.164672851562500000e+01
8.492634773254394531e+00 -1.253872108459472656e+01
-2.688466262817382812e+01 -6.768444061279296875e+01
4.597006225585937500e+01 -1.941335487365722656e+01
4.364251708984375000e+01 1.732448387145996094e+01
4.905150604248046875e+01 -2.762206649780273438e+01
4.852378463745117188e+01 -1.095340824127197266e+01
7.611406326293945312e+00 -6.065858840942382812e+01
2.732882118225097656e+01 9.183772087097167969e+00
-8.225523948669433594e+00 4.793626403808593750e+01
-2.316882133483886719e+01 5.828712463378906250e+01
-4.011170959472656250e+01 -2.210032272338867188e+01
-4.781096649169921875e+01 -7.043023109436035156e+00
4.656561279296875000e+01 -1.765721321105957031e+01
-7.931302070617675781e+00 3.245773696899414062e+01
-2.673830795288085938e+01 7.102387428283691406e+00
-4.871363830566406250e+01 -2.258844566345214844e+01
-1.416098499298095703e+01 1.109833335876464844e+01
1.245594501495361328e+01 -1.477549743652343750e+01
7.242852783203125000e+01 -5.722541332244873047e+00
-2.914813423156738281e+01 2.417600440979003906e+01
3.609753417968750000e+01 -1.908754348754882812e+01
-5.479479598999023438e+01 -2.323589706420898438e+01
1.120402145385742188e+01 -1.836477851867675781e+01
-3.829076004028320312e+01 -2.436914253234863281e+01
-3.071740627288818359e+00 -9.819859504699707031e+00
-4.024901580810546875e+01 -2.490674018859863281e+01
3.980588150024414062e+01 -2.911513710021972656e+01
-5.594521331787109375e+01 -1.880331993103027344e+01
3.914059162139892578e+00 -1.991448974609375000e+01
-9.319116592407226562e+00 -3.715435028076171875e+01
-4.482216644287109375e+01 3.396808147430419922e+00
2.258809280395507812e+01 -2.546665954589843750e+01
2.272548294067382812e+01 -1.838443565368652344e+01
-2.255639648437500000e+01 -5.661816787719726562e+01
-2.971904563903808594e+01 -7.117021179199218750e+01
-1.136584377288818359e+01 -8.043426513671875000e+01
-3.660963058471679688e+01 1.595668029785156250e+01
-3.001940917968750000e+01 -7.361241149902343750e+01
4.017007064819335938e+01 -9.401046752929687500e+00
3.902997589111328125e+01 5.621069908142089844e+00
-2.875493288040161133e+00 2.508024787902832031e+01
7.254654693603515625e+01 -4.629756450653076172e+00
-1.474908351898193359e+00 -3.501089477539062500e+01
-3.279133987426757812e+01 -6.753007507324218750e+01
2.630750846862792969e+01 -4.137443923950195312e+01
1.048806476593017578e+01 -6.623078918457031250e+01
4.255266666412353516e+00 4.228977966308593750e+01
-7.760044574737548828e+00 -3.853168487548828125e+01
4.659524536132812500e+01 4.506479644775390625e+01
