1.851823329925537109e-01
2.433326244354248047e-01
2.496840953826904297e-01
2.561701536178588867e-01
2.822705507278442383e-01
2.831143140792846680e-01
2.838686108589172363e-01
2.970526218414306641e-01
2.971709966659545898e-01
2.983545064926147461e-01
3.037047386169433594e-01
3.055328726768493652e-01
3.073701262474060059e-01
3.143937587738037109e-01
3.150506615638732910e-01
3.160315155982971191e-01
3.169496655464172363e-01
3.200051784515380859e-01
3.202118277549743652e-01
3.205595612525939941e-01
3.212267160415649414e-01
3.267761468887329102e-01
3.282710313796997070e-01
3.295866250991821289e-01
3.319691419601440430e-01
3.336894512176513672e-01
3.342291712760925293e-01
3.345081210136413574e-01
3.355190753936767578e-01
3.357713818550109863e-01
3.363840579986572266e-01
3.395644426345825195e-01
3.422377109527587891e-01
3.439501523971557617e-01
3.488230705261230469e-01
3.512549996376037598e-01
3.515479564666748047e-01
3.518570065498352051e-01
3.544324636459350586e-01
3.597432374954223633e-01
3.598437309265136719e-01
3.620066642761230469e-01
3.621273040771484375e-01
3.630352020263671875e-01
3.676996231079101562e-01
3.678324222564697266e-01
3.691880702972412109e-01
3.709379434585571289e-01
3.715749979019165039e-01
3.731536865234375000e-01
3.732352256774902344e-01
3.738998174667358398e-01
3.752513527870178223e-01
3.754584789276123047e-01
3.761700391769409180e-01
3.764975070953369141e-01
3.797248601913452148e-01
3.823370933532714844e-01
3.829220533370971680e-01
3.829399347305297852e-01
3.832608461380004883e-01
3.836487531661987305e-01
3.848127126693725586e-01
3.848866224288940430e-01
3.850299119949340820e-01
3.851085305213928223e-01
3.866904973983764648e-01
3.871234655380249023e-01
3.885645866394042969e-01
3.895028829574584961e-01
3.911808729171752930e-01
3.927069902420043945e-01
3.939195275306701660e-01
3.941420316696166992e-01
3.942760229110717773e-01
3.944052457809448242e-01
3.951591849327087402e-01
3.957202434539794922e-01
3.957781791687011719e-01
3.958997726440429688e-01
3.959311246871948242e-01
3.962788581848144531e-01
3.964632749557495117e-01
3.965426683425903320e-01
3.968803286552429199e-01
3.971115946769714355e-01
3.995335102081298828e-01
3.996369838714599609e-01
3.998004794120788574e-01
4.001784920692443848e-01
4.006031155586242676e-01
4.017205238342285156e-01
4.029725790023803711e-01
4.043720960617065430e-01
4.051250219345092773e-01
4.059671163558959961e-01
4.069221019744873047e-01
4.072397947311401367e-01
4.074004888534545898e-01
4.081689119338989258e-01
4.086570739746093750e-01
4.091047048568725586e-01
4.098939895629882812e-01
4.107705354690551758e-01
4.117876291275024414e-01
4.122409820556640625e-01
4.130264520645141602e-01
4.133781790733337402e-01
4.144765138626098633e-01
4.150608777999877930e-01
4.152501821517944336e-01
4.162914752960205078e-01
4.166119098663330078e-01
4.169467687606811523e-01
4.172131419181823730e-01
4.183356165885925293e-01
4.190598726272583008e-01
4.195500612258911133e-01
4.208693504333496094e-01
4.211676716804504395e-01
4.212183356285095215e-01
4.225595593452453613e-01
4.247090816497802734e-01
4.257229566574096680e-01
4.261637926101684570e-01
4.268877506256103516e-01
4.268968701362609863e-01
4.269149899482727051e-01
4.278862476348876953e-01
4.283574819564819336e-01
4.284300804138183594e-01
4.284950494766235352e-01
4.285870790481567383e-01
4.286204576492309570e-01
4.291113615036010742e-01
4.295353889465332031e-01
4.295598268508911133e-01
4.306048154830932617e-01
4.313763380050659180e-01
4.320137500762939453e-01
4.320285320281982422e-01
4.325381517410278320e-01
4.326612949371337891e-01
4.329026937484741211e-01
4.336977601051330566e-01
4.337721467018127441e-01
4.342111349105834961e-01
4.370821118354797363e-01
4.375424385070800781e-01
4.392652511596679688e-01
4.393177032470703125e-01
4.393708109855651855e-01
4.397588968276977539e-01
4.399223327636718750e-01
4.401021003723144531e-01
4.412233829498291016e-01
4.429338574409484863e-01
4.439387321472167969e-01
4.442871809005737305e-01
4.446572065353393555e-01
4.450371265411376953e-01
4.456087946891784668e-01
4.456793069839477539e-01
4.457209110260009766e-01
4.459418058395385742e-01
4.461220502853393555e-01
4.473462104797363281e-01
4.476870894432067871e-01
4.492609500885009766e-01
4.494103193283081055e-01
4.496017694473266602e-01
4.496727585792541504e-01
4.501659274101257324e-01
4.503699541091918945e-01
4.504987597465515137e-01
4.505366086959838867e-01
4.508022665977478027e-01
4.508738517761230469e-01
4.516563415527343750e-01
4.517732858657836914e-01
4.518483877182006836e-01
4.524326920509338379e-01
4.538584947586059570e-01
4.540418386459350586e-01
4.543744921684265137e-01
4.555218219757080078e-01
4.558541774749755859e-01
4.560871124267578125e-01
4.562186002731323242e-01
4.565538763999938965e-01
4.566541314125061035e-01
4.567691683769226074e-01
4.568065404891967773e-01
4.569038152694702148e-01
4.578437209129333496e-01
4.581910967826843262e-01
4.582151770591735840e-01
4.583261013031005859e-01
4.586310386657714844e-01
4.592534303665161133e-01
4.594917893409729004e-01
4.603078961372375488e-01
4.615314006805419922e-01
4.615633487701416016e-01
4.617949724197387695e-01
4.618694186210632324e-01
4.623067378997802734e-01
4.624892473220825195e-01
4.627922177314758301e-01
4.635945558547973633e-01
4.638963341712951660e-01
4.645905494689941406e-01
4.647973179817199707e-01
4.648407697677612305e-01
4.648943543434143066e-01
4.655944108963012695e-01
4.658991098403930664e-01
4.663554430007934570e-01
4.666143059730529785e-01
4.666879773139953613e-01
4.677923321723937988e-01
4.678194522857666016e-01
4.683468341827392578e-01
4.687123298645019531e-01
4.689024090766906738e-01
4.691946506500244141e-01
4.693555235862731934e-01
4.704422354698181152e-01
4.710919857025146484e-01
4.712072610855102539e-01
4.713261723518371582e-01
4.715964794158935547e-01
4.716120362281799316e-01
4.720710515975952148e-01
4.721771478652954102e-01
4.722193479537963867e-01
4.722909927368164062e-01
4.723699092864990234e-01
4.735852479934692383e-01
4.736535549163818359e-01
4.738451838493347168e-01
4.740816354751586914e-01
4.741656780242919922e-01
4.741787910461425781e-01
4.749215841293334961e-01
4.757701158523559570e-01
4.763048887252807617e-01
4.763462543487548828e-01
4.764567017555236816e-01
4.764795303344726562e-01
4.765514731407165527e-01
4.766315817832946777e-01
4.780676364898681641e-01
4.782115221023559570e-01
4.782348871231079102e-01
4.789661765098571777e-01
4.794960021972656250e-01
4.806311726570129395e-01
4.810211658477783203e-01
4.810827970504760742e-01
4.812197685241699219e-01
4.813993573188781738e-01
4.820989966392517090e-01
4.823585748672485352e-01
4.825867414474487305e-01
4.827268123626708984e-01
4.827876687049865723e-01
4.828634262084960938e-01
4.830551147460937500e-01
4.830678105354309082e-01
4.832373261451721191e-01
4.834340214729309082e-01
4.840508103370666504e-01
4.841232299804687500e-01
4.843119382858276367e-01
4.843741655349731445e-01
4.844358563423156738e-01
4.857809543609619141e-01
4.860227704048156738e-01
4.861263632774353027e-01
4.873645305633544922e-01
4.874138832092285156e-01
4.874196052551269531e-01
4.874424338340759277e-01
4.875994920730590820e-01
4.877223968505859375e-01
4.879291057586669922e-01
4.880003929138183594e-01
4.880242943763732910e-01
4.880719780921936035e-01
4.887621402740478516e-01
4.889738559722900391e-01
4.892592430114746094e-01
4.903234243392944336e-01
4.907630681991577148e-01
4.910076856613159180e-01
4.910972118377685547e-01
4.911284446716308594e-01
4.912290573120117188e-01
4.912679195404052734e-01
4.916229844093322754e-01
4.917564392089843750e-01
4.918307065963745117e-01
4.921388030052185059e-01
4.925240278244018555e-01
4.927418231964111328e-01
4.936494827270507812e-01
4.936924576759338379e-01
4.937751889228820801e-01
4.941794872283935547e-01
4.942974448204040527e-01
4.944515824317932129e-01
4.945011138916015625e-01
4.946941137313842773e-01
4.949687719345092773e-01
4.953101873397827148e-01
4.955483675003051758e-01
4.955541491508483887e-01
4.961747527122497559e-01
4.962096214294433594e-01
4.964190721511840820e-01
4.967003464698791504e-01
4.971988797187805176e-01
4.972623586654663086e-01
4.975487589836120605e-01
4.977477788925170898e-01
4.977748394012451172e-01
4.978160262107849121e-01
4.981099963188171387e-01
4.983283281326293945e-01
4.984684586524963379e-01
4.989004135131835938e-01
4.992110133171081543e-01
4.993535876274108887e-01
4.998961687088012695e-01
4.999808073043823242e-01
5.003006458282470703e-01
5.004316270351409912e-01
5.008947253227233887e-01
5.009784102439880371e-01
5.018805265426635742e-01
5.019401013851165771e-01
5.019719302654266357e-01
5.021567940711975098e-01
5.023468136787414551e-01
5.024069547653198242e-01
5.028117895126342773e-01
5.033040642738342285e-01
5.035947561264038086e-01
5.039094388484954834e-01
5.039424896240234375e-01
5.039794743061065674e-01
5.041276514530181885e-01
5.042946338653564453e-01
5.044112801551818848e-01
5.044707655906677246e-01
5.046895444393157959e-01
5.047140419483184814e-01
5.048987865447998047e-01
5.051246285438537598e-01
5.053267180919647217e-01
5.057767629623413086e-01
5.060745477676391602e-01
5.062341094017028809e-01
5.065787434577941895e-01
5.069780945777893066e-01
5.070184469223022461e-01
5.070521831512451172e-01
5.072846710681915283e-01
5.073901712894439697e-01
5.076621174812316895e-01
5.080367922782897949e-01
5.081839859485626221e-01
5.084839165210723877e-01
5.085102319717407227e-01
5.086179077625274658e-01
5.089280307292938232e-01
5.092060267925262451e-01
5.094295144081115723e-01
5.098935365676879883e-01
5.100035071372985840e-01
5.101933479309082031e-01
5.106101632118225098e-01
5.106201171875000000e-01
5.113337039947509766e-01
5.113789439201354980e-01
5.122787654399871826e-01
5.123251676559448242e-01
5.124899446964263916e-01
5.125277638435363770e-01
5.125558972358703613e-01
5.127126276493072510e-01
5.128005146980285645e-01
5.131971836090087891e-01
5.132495164871215820e-01
5.133323967456817627e-01
5.137763023376464844e-01
5.142803788185119629e-01
5.143326520919799805e-01
5.145127773284912109e-01
5.146868228912353516e-01
5.147199034690856934e-01
5.149784684181213379e-01
5.150035023689270020e-01
5.156954526901245117e-01
5.158481597900390625e-01
5.159571468830108643e-01
5.165008902549743652e-01
5.167645812034606934e-01
5.169059932231903076e-01
5.169223248958587646e-01
5.170977711677551270e-01
5.172379314899444580e-01
5.174624919891357422e-01
5.177546739578247070e-01
5.182015895843505859e-01
5.188920199871063232e-01
5.190642476081848145e-01
5.190814733505249023e-01
5.191760659217834473e-01
5.192368626594543457e-01
5.194020271301269531e-01
5.196208953857421875e-01
5.196281671524047852e-01
5.199704170227050781e-01
5.200097262859344482e-01
5.203524827957153320e-01
5.203623473644256592e-01
5.205097496509552002e-01
5.205836594104766846e-01
5.208066105842590332e-01
5.210722684860229492e-01
5.211726427078247070e-01
5.212080478668212891e-01
5.215101242065429688e-01
5.216550230979919434e-01
5.218136906623840332e-01
5.219402313232421875e-01
5.220893323421478271e-01
5.225922167301177979e-01
5.229551494121551514e-01
5.231402516365051270e-01
5.232212543487548828e-01
5.232669115066528320e-01
5.233210623264312744e-01
5.235992074012756348e-01
5.236505866050720215e-01
5.239453315734863281e-01
5.243332684040069580e-01
5.244825482368469238e-01
5.245744585990905762e-01
5.246759653091430664e-01
5.248036682605743408e-01
5.249122977256774902e-01
5.253257155418395996e-01
5.254074037075042725e-01
5.255637466907501221e-01
5.256686806678771973e-01
5.261032581329345703e-01
5.261211693286895752e-01
5.261950194835662842e-01
5.262693762779235840e-01
5.264805257320404053e-01
5.270804762840270996e-01
5.270946025848388672e-01
5.271030068397521973e-01
5.273820757865905762e-01
5.275783836841583252e-01
5.276327729225158691e-01
5.276668071746826172e-01
5.280796289443969727e-01
5.281705260276794434e-01
5.286866724491119385e-01
5.297385454177856445e-01
5.297400653362274170e-01
5.297562777996063232e-01
5.300288200378417969e-01
5.301763415336608887e-01
5.302833914756774902e-01
5.304006636142730713e-01
5.304397940635681152e-01
5.304584205150604248e-01
5.305595695972442627e-01
5.306129455566406250e-01
5.309513807296752930e-01
5.311672091484069824e-01
5.313192903995513916e-01
5.314716696739196777e-01
5.315754413604736328e-01
5.322368443012237549e-01
5.322790741920471191e-01
5.323150753974914551e-01
5.324125289916992188e-01
5.327894091606140137e-01
5.329953730106353760e-01
5.332411527633666992e-01
5.333679318428039551e-01
5.336020290851593018e-01
5.341591238975524902e-01
5.341989398002624512e-01
5.344853103160858154e-01
5.348081886768341064e-01
5.350333750247955322e-01
5.352782309055328369e-01
5.358364880084991455e-01
5.360319018363952637e-01
5.368391871452331543e-01
5.368663072586059570e-01
5.372235178947448730e-01
5.373779535293579102e-01
5.374336242675781250e-01
5.374353528022766113e-01
5.376296043395996094e-01
5.376751720905303955e-01
5.377774238586425781e-01
5.381980836391448975e-01
5.384843349456787109e-01
5.389113426208496094e-01
5.390667021274566650e-01
5.392731130123138428e-01
5.394316613674163818e-01
5.394814610481262207e-01
5.397748351097106934e-01
5.398589372634887695e-01
5.400820374488830566e-01
5.404646992683410645e-01
5.405834913253784180e-01
5.407867431640625000e-01
5.413886904716491699e-01
5.414324998855590820e-01
5.414482355117797852e-01
5.419014692306518555e-01
5.421992838382720947e-01
5.422693490982055664e-01
5.423443317413330078e-01
5.423597097396850586e-01
5.424506664276123047e-01
5.424694418907165527e-01
5.427752137184143066e-01
5.428032279014587402e-01
5.428683161735534668e-01
5.432965159416198730e-01
5.433086156845092773e-01
5.434923470020294189e-01
5.439628362655639648e-01
5.440552830696105957e-01
5.442163944244384766e-01
5.453602075576782227e-01
5.455023646354675293e-01
5.457451939582824707e-01
5.458620786666870117e-01
5.458652377128601074e-01
5.458664298057556152e-01
5.458741784095764160e-01
5.461802780628204346e-01
5.464747250080108643e-01
5.465749502182006836e-01
5.471551120281219482e-01
5.472794771194458008e-01
5.473380088806152344e-01
5.477668642997741699e-01
5.479018092155456543e-01
5.481948256492614746e-01
5.486417412757873535e-01
5.488935410976409912e-01
5.489364266395568848e-01
5.492397546768188477e-01
5.498417317867279053e-01
5.499949455261230469e-01
5.500491857528686523e-01
5.501073002815246582e-01
5.501388013362884521e-01
5.504003763198852539e-01
5.507172644138336182e-01
5.507593154907226562e-01
5.508041977882385254e-01
5.509698688983917236e-01
5.510619878768920898e-01
5.513858795166015625e-01
5.513875186443328857e-01
5.517240762710571289e-01
5.518929958343505859e-01
5.524941682815551758e-01
5.525987148284912109e-01
5.532899498939514160e-01
5.535994470119476318e-01
5.536257624626159668e-01
5.538469254970550537e-01
5.544200539588928223e-01
5.550557076930999756e-01
5.551503896713256836e-01
5.552950501441955566e-01
5.553663074970245361e-01
5.555136799812316895e-01
5.557007193565368652e-01
5.557612478733062744e-01
5.558289289474487305e-01
5.559881925582885742e-01
5.561602711677551270e-01
5.562915205955505371e-01
5.563251972198486328e-01
5.563790798187255859e-01
5.567013621330261230e-01
5.567266345024108887e-01
5.572467148303985596e-01
5.576237440109252930e-01
5.578365325927734375e-01
5.578389167785644531e-01
5.579639971256256104e-01
5.584114193916320801e-01
5.584548115730285645e-01
5.584936738014221191e-01
5.585118532180786133e-01
5.590148270130157471e-01
5.590479373931884766e-01
5.593259930610656738e-01
5.594180524349212646e-01
5.595327615737915039e-01
5.599815249443054199e-01
5.601758360862731934e-01
5.605080425739288330e-01
5.605669021606445312e-01
5.605940222740173340e-01
5.606390535831451416e-01
5.609024763107299805e-01
5.610431432723999023e-01
5.611214339733123779e-01
5.615090131759643555e-01
5.617259144783020020e-01
5.619403421878814697e-01
5.619769990444183350e-01
5.622119605541229248e-01
5.623024702072143555e-01
5.625413060188293457e-01
5.627847909927368164e-01
5.629724860191345215e-01
5.629857778549194336e-01
5.630701780319213867e-01
5.631079077720642090e-01
5.636437237262725830e-01
5.636578798294067383e-01
5.637741386890411377e-01
5.638354420661926270e-01
5.638881325721740723e-01
5.639113187789916992e-01
5.640498995780944824e-01
5.641679167747497559e-01
5.642144978046417236e-01
5.644415915012359619e-01
5.647625327110290527e-01
5.647697448730468750e-01
5.647781193256378174e-01
5.648247301578521729e-01
5.653854012489318848e-01
5.653961896896362305e-01
5.655562281608581543e-01
5.656414031982421875e-01
5.659075677394866943e-01
5.660558640956878662e-01
5.660650134086608887e-01
5.667258799076080322e-01
5.669085383415222168e-01
5.670295357704162598e-01
5.670360028743743896e-01
5.671403408050537109e-01
5.674533843994140625e-01
5.675686597824096680e-01
5.677633881568908691e-01
5.677658617496490479e-01
5.678310990333557129e-01
5.680373311042785645e-01
5.683372616767883301e-01
5.683770477771759033e-01
5.684958398342132568e-01
5.685595870018005371e-01
5.687445402145385742e-01
5.693115592002868652e-01
5.693690776824951172e-01
5.694213509559631348e-01
5.695557892322540283e-01
5.698804855346679688e-01
5.703351199626922607e-01
5.709323287010192871e-01
5.711107552051544189e-01
5.711608529090881348e-01
5.713031291961669922e-01
5.723155736923217773e-01
5.723862648010253906e-01
5.724375844001770020e-01
5.725049674510955811e-01
5.725153088569641113e-01
5.727289319038391113e-01
5.728449821472167969e-01
5.730004608631134033e-01
5.730091631412506104e-01
5.731599628925323486e-01
5.731826424598693848e-01
5.732043683528900146e-01
5.733244419097900391e-01
5.738112628459930420e-01
5.738669931888580322e-01
5.739020705223083496e-01
5.742560625076293945e-01
5.743982791900634766e-01
5.745277404785156250e-01
5.747104287147521973e-01
5.748938918113708496e-01
5.749829113483428955e-01
5.750485062599182129e-01
5.753035545349121094e-01
5.753091275691986084e-01
5.754218995571136475e-01
5.756507217884063721e-01
5.757398605346679688e-01
5.757608115673065186e-01
5.758495032787322998e-01
5.760463476181030273e-01
5.770095586776733398e-01
5.774197280406951904e-01
5.777610540390014648e-01
5.779676437377929688e-01
5.780623853206634521e-01
5.782033205032348633e-01
5.785371661186218262e-01
5.787520408630371094e-01
5.787650048732757568e-01
5.789167284965515137e-01
5.791008472442626953e-01
5.793896317481994629e-01
5.796523094177246094e-01
5.798816680908203125e-01
5.799475312232971191e-01
5.799498856067657471e-01
5.799857676029205322e-01
5.803511142730712891e-01
5.804674923419952393e-01
5.804682970046997070e-01
5.806975960731506348e-01
5.808942317962646484e-01
5.810239911079406738e-01
5.811552405357360840e-01
5.812352895736694336e-01
5.813674330711364746e-01
5.815279781818389893e-01
5.815432369709014893e-01
5.818232297897338867e-01
5.820181965827941895e-01
5.821990668773651123e-01
5.823653936386108398e-01
5.827636122703552246e-01
5.831019282341003418e-01
5.831368863582611084e-01
5.834742784500122070e-01
5.835155546665191650e-01
5.835641622543334961e-01
5.840944051742553711e-01
5.844642221927642822e-01
5.850403010845184326e-01
5.854038000106811523e-01
5.854354500770568848e-01
5.855007171630859375e-01
5.855181217193603516e-01
5.858581066131591797e-01
5.859143137931823730e-01
5.862568616867065430e-01
5.867492556571960449e-01
5.868173837661743164e-01
5.868340730667114258e-01
5.869638323783874512e-01
5.869794487953186035e-01
5.871872901916503906e-01
5.873766541481018066e-01
5.873833894729614258e-01
5.874716639518737793e-01
5.878529548645019531e-01
5.880001783370971680e-01
5.882068276405334473e-01
5.882272720336914062e-01
5.882718563079833984e-01
5.883111655712127686e-01
5.883828997611999512e-01
5.886085629463195801e-01
5.891945362091064453e-01
5.894929468631744385e-01
5.894942879676818848e-01
5.895715355873107910e-01
5.897651612758636475e-01
5.900022089481353760e-01
5.903193354606628418e-01
5.905639529228210449e-01
5.906535387039184570e-01
5.908509194850921631e-01
5.913061201572418213e-01
5.914531946182250977e-01
5.916044414043426514e-01
5.917465090751647949e-01
5.918241441249847412e-01
5.919184982776641846e-01
5.919989049434661865e-01
5.920187830924987793e-01
5.921236872673034668e-01
5.924163162708282471e-01
5.926077961921691895e-01
5.932925045490264893e-01
5.932931900024414062e-01
5.934612154960632324e-01
5.934960842132568359e-01
5.935112237930297852e-01
5.936786532402038574e-01
5.937567949295043945e-01
5.939554572105407715e-01
5.943329334259033203e-01
5.945024192333221436e-01
5.947065353393554688e-01
5.950942635536193848e-01
5.954832732677459717e-01
5.955472290515899658e-01
5.957940220832824707e-01
5.960070192813873291e-01
5.960291624069213867e-01
5.960855782032012939e-01
5.962605774402618408e-01
5.963986217975616455e-01
5.965541005134582520e-01
5.966001451015472412e-01
5.966605842113494873e-01
5.968235135078430176e-01
5.972499847412109375e-01
5.976427793502807617e-01
5.977452993392944336e-01
5.978228449821472168e-01
5.981280207633972168e-01
5.982479453086853027e-01
5.982641577720642090e-01
5.984481573104858398e-01
5.985249280929565430e-01
5.986140668392181396e-01
5.988161861896514893e-01
5.988271832466125488e-01
5.988564491271972656e-01
5.989534258842468262e-01
5.992415547370910645e-01
5.998800992965698242e-01
5.999886393547058105e-01
6.000074744224548340e-01
6.000161170959472656e-01
6.000709533691406250e-01
6.002746224403381348e-01
6.004890799522399902e-01
6.005122065544128418e-01
6.005237996578216553e-01
6.006346940994262695e-01
6.006801724433898926e-01
6.008810400962829590e-01
6.009561419486999512e-01
6.009835600852966309e-01
6.012176871299743652e-01
6.013942360877990723e-01
6.017978787422180176e-01
6.022999584674835205e-01
6.027159690856933594e-01
6.027378737926483154e-01
6.030206084251403809e-01
6.030741333961486816e-01
6.035194993019104004e-01
6.041929721832275391e-01
6.042134761810302734e-01
6.044076681137084961e-01
6.045306622982025146e-01
6.045556962490081787e-01
6.045568287372589111e-01
6.048008501529693604e-01
6.048744320869445801e-01
6.050157845020294189e-01
6.051845848560333252e-01
6.057150363922119141e-01
6.058884263038635254e-01
6.061176359653472900e-01
6.063477396965026855e-01
6.064195632934570312e-01
6.064834892749786377e-01
6.065291762351989746e-01
6.065818071365356445e-01
6.066367030143737793e-01
6.070271134376525879e-01
6.071200072765350342e-01
6.074534952640533447e-01
6.075055897235870361e-01
6.078225970268249512e-01
6.078293919563293457e-01
6.081822216510772705e-01
6.082569658756256104e-01
6.082584559917449951e-01
6.083439588546752930e-01
6.085613965988159180e-01
6.086271405220031738e-01
6.087026894092559814e-01
6.087362766265869141e-01
6.090448200702667236e-01
6.090818047523498535e-01
6.091497540473937988e-01
6.096051931381225586e-01
6.096214354038238525e-01
6.096568107604980469e-01
6.098105013370513916e-01
6.099145412445068359e-01
6.100099086761474609e-01
6.100388765335083008e-01
6.100512742996215820e-01
6.101132035255432129e-01
6.103387176990509033e-01
6.109766066074371338e-01
6.109826564788818359e-01
6.110651493072509766e-01
6.113905310630798340e-01
6.114215552806854248e-01
6.115248799324035645e-01
6.117605268955230713e-01
6.118383407592773438e-01
6.122870743274688721e-01
6.122900843620300293e-01
6.124181449413299561e-01
6.125397682189941406e-01
6.125650703907012939e-01
6.128243803977966309e-01
6.129750013351440430e-01
6.131460666656494141e-01
6.131842732429504395e-01
6.133173704147338867e-01
6.134019494056701660e-01
6.135162413120269775e-01
6.135542988777160645e-01
6.136314272880554199e-01
6.136316955089569092e-01
6.136531829833984375e-01
6.136794686317443848e-01
6.138327419757843018e-01
6.138541996479034424e-01
6.142673790454864502e-01
6.144161820411682129e-01
6.144622564315795898e-01
6.147527098655700684e-01
6.149174571037292480e-01
6.149960160255432129e-01
6.150397360324859619e-01
6.151722371578216553e-01
6.153399944305419922e-01
6.153689622879028320e-01
6.154623031616210938e-01
6.155032515525817871e-01
6.156523227691650391e-01
6.158594191074371338e-01
6.161481440067291260e-01
6.161513626575469971e-01
6.161664128303527832e-01
6.163724958896636963e-01
6.163849830627441406e-01
6.164077520370483398e-01
6.165983378887176514e-01
6.166264116764068604e-01
6.168009936809539795e-01
6.168311834335327148e-01
6.168712973594665527e-01
6.168735623359680176e-01
6.168836057186126709e-01
6.185513734817504883e-01
6.185572743415832520e-01
6.186626255512237549e-01
6.188016533851623535e-01
6.188945174217224121e-01
6.191073060035705566e-01
6.194770932197570801e-01
6.195592880249023438e-01
6.197792589664459229e-01
6.200647354125976562e-01
6.204262971878051758e-01
6.206001043319702148e-01
6.207372546195983887e-01
6.207728683948516846e-01
6.210265457630157471e-01
6.211705803871154785e-01
6.216363310813903809e-01
6.216876208782196045e-01
6.219213902950286865e-01
6.219889819622039795e-01
6.220723986625671387e-01
6.221802532672882080e-01
6.224213540554046631e-01
6.228315234184265137e-01
6.228846311569213867e-01
6.232354640960693359e-01
6.232711076736450195e-01
6.234256625175476074e-01
6.235713064670562744e-01
6.236777901649475098e-01
6.237612962722778320e-01
6.238672137260437012e-01
6.239674091339111328e-01
6.239782273769378662e-01
6.240357756614685059e-01
6.242078840732574463e-01
6.242379844188690186e-01
6.243479549884796143e-01
6.244096159934997559e-01
6.244812011718750000e-01
6.246055364608764648e-01
6.246606111526489258e-01
6.246733367443084717e-01
6.246861219406127930e-01
6.247449517250061035e-01
6.251071691513061523e-01
6.253009438514709473e-01
6.258403658866882324e-01
6.261473000049591064e-01
6.269849240779876709e-01
6.271258592605590820e-01
6.271350979804992676e-01
6.277675330638885498e-01
6.280615031719207764e-01
6.284480094909667969e-01
6.285763680934906006e-01
6.288482546806335449e-01
6.289553046226501465e-01
6.289663910865783691e-01
6.289942860603332520e-01
6.294597983360290527e-01
6.295230686664581299e-01
6.299890875816345215e-01
6.301238536834716797e-01
6.302086412906646729e-01
6.303814649581909180e-01
6.304553151130676270e-01
6.305213570594787598e-01
6.309699118137359619e-01
6.310490369796752930e-01
6.311647593975067139e-01
6.316239237785339355e-01
6.317334771156311035e-01
6.319583356380462646e-01
6.321819424629211426e-01
6.322989463806152344e-01
6.323058009147644043e-01
6.325523853302001953e-01
6.327161490917205811e-01
6.327623724937438965e-01
6.330620050430297852e-01
6.333916485309600830e-01
6.334342956542968750e-01
6.334984302520751953e-01
6.335090994834899902e-01
6.336345374584197998e-01
6.344994902610778809e-01
6.345213651657104492e-01
6.347592175006866455e-01
6.348684132099151611e-01
6.349430680274963379e-01
6.350542306900024414e-01
6.358102560043334961e-01
6.358237266540527344e-01
6.358627676963806152e-01
6.362028121948242188e-01
6.362138986587524414e-01
6.362950205802917480e-01
6.365578770637512207e-01
6.366675496101379395e-01
6.367235779762268066e-01
6.369053721427917480e-01
6.369222402572631836e-01
6.369788348674774170e-01
6.372274458408355713e-01
6.372304260730743408e-01
6.373139023780822754e-01
6.374299526214599609e-01
6.376683115959167480e-01
6.379549801349639893e-01
6.382493674755096436e-01
6.382520198822021484e-01
6.382595598697662354e-01
6.383214890956878662e-01
6.388548612594604492e-01
6.392848193645477295e-01
6.393779814243316650e-01
6.394056677818298340e-01
6.394614577293395996e-01
6.398234367370605469e-01
6.401001811027526855e-01
6.401991844177246094e-01
6.402074098587036133e-01
6.403298377990722656e-01
6.406154632568359375e-01
6.406423449516296387e-01
6.406667828559875488e-01
6.409259438514709473e-01
6.409806609153747559e-01
6.410967707633972168e-01
6.411935985088348389e-01
6.412085890769958496e-01
6.414194107055664062e-01
6.414857804775238037e-01
6.414935588836669922e-01
6.416120529174804688e-01
6.416649818420410156e-01
6.418148875236511230e-01
6.420329809188842773e-01
6.420778632164001465e-01
6.421296000480651855e-01
6.422083973884582520e-01
6.423540115356445312e-01
6.423798203468322754e-01
6.424857974052429199e-01
6.425962448120117188e-01
6.426720619201660156e-01
6.429251432418823242e-01
6.429293751716613770e-01
6.430968046188354492e-01
6.433997154235839844e-01
6.434203386306762695e-01
6.435428261756896973e-01
6.436425745487213135e-01
6.436617672443389893e-01
6.438329517841339111e-01
6.441410779953002930e-01
6.442713737487792969e-01
6.443052291870117188e-01
6.444668173789978027e-01
6.445237696170806885e-01
6.445360779762268066e-01
6.447139680385589600e-01
6.450197994709014893e-01
6.450881063938140869e-01
6.451415717601776123e-01
6.451745033264160156e-01
6.452540755271911621e-01
6.452643871307373047e-01
6.455448269844055176e-01
6.457883417606353760e-01
6.458691060543060303e-01
6.459786593914031982e-01
6.461457312107086182e-01
6.462149024009704590e-01
6.462776064872741699e-01
6.463114619255065918e-01
6.464356184005737305e-01
6.464858651161193848e-01
6.468817889690399170e-01
6.469052731990814209e-01
6.470364332199096680e-01
6.470828056335449219e-01
6.473857462406158447e-01
6.476193666458129883e-01
6.478679776191711426e-01
6.479135155677795410e-01
6.482504308223724365e-01
6.483147144317626953e-01
6.483405828475952148e-01
6.489048898220062256e-01
6.489828824996948242e-01
6.490865349769592285e-01
6.493776440620422363e-01
6.493883728981018066e-01
6.493912041187286377e-01
6.500449776649475098e-01
6.500894427299499512e-01
6.502612233161926270e-01
6.504078507423400879e-01
6.504238843917846680e-01
6.504743695259094238e-01
6.505860984325408936e-01
6.507832407951354980e-01
6.509569883346557617e-01
6.510552465915679932e-01
6.510947942733764648e-01
6.510967612266540527e-01
6.513040959835052490e-01
6.516540646553039551e-01
6.519501805305480957e-01
6.521517336368560791e-01
6.524884998798370361e-01
6.528057456016540527e-01
6.532522439956665039e-01
6.532746851444244385e-01
6.535792946815490723e-01
6.536027193069458008e-01
6.543004810810089111e-01
6.543428897857666016e-01
6.544185578823089600e-01
6.546548902988433838e-01
6.547564566135406494e-01
6.547681689262390137e-01
6.551334261894226074e-01
6.552374958992004395e-01
6.554700732231140137e-01
6.554725170135498047e-01
6.558227837085723877e-01
6.558293104171752930e-01
6.559159755706787109e-01
6.559626460075378418e-01
6.561084985733032227e-01
6.561653017997741699e-01
6.562569737434387207e-01
6.563293039798736572e-01
6.563698053359985352e-01
6.564604640007019043e-01
6.564795970916748047e-01
6.566809415817260742e-01
6.568912863731384277e-01
6.570042967796325684e-01
6.571104228496551514e-01
6.571562290191650391e-01
6.574774980545043945e-01
6.576814651489257812e-01
6.581686139106750488e-01
6.582843661308288574e-01
6.584072113037109375e-01
6.586515307426452637e-01
6.588563024997711182e-01
6.589274406433105469e-01
6.589433550834655762e-01
6.589830219745635986e-01
6.590190529823303223e-01
6.590207517147064209e-01
6.591183245182037354e-01
6.592454314231872559e-01
6.594091653823852539e-01
6.595683693885803223e-01
6.595720052719116211e-01
6.596190631389617920e-01
6.596598625183105469e-01
6.597896814346313477e-01
6.598312258720397949e-01
6.600441336631774902e-01
6.604529023170471191e-01
6.605027616024017334e-01
6.605791747570037842e-01
6.605832576751708984e-01
6.606301069259643555e-01
6.610066592693328857e-01
6.611083745956420898e-01
6.613209247589111328e-01
6.614057421684265137e-01
6.617532968521118164e-01
6.618826389312744141e-01
6.619797945022583008e-01
6.620561182498931885e-01
6.623523533344268799e-01
6.623547673225402832e-01
6.624028086662292480e-01
6.624613702297210693e-01
6.626909375190734863e-01
6.628243029117584229e-01
6.629206836223602295e-01
6.630386114120483398e-01
6.633853316307067871e-01
6.634586155414581299e-01
6.635243594646453857e-01
6.636712253093719482e-01
6.637285351753234863e-01
6.637431681156158447e-01
6.638935208320617676e-01
6.641741693019866943e-01
6.643930673599243164e-01
6.644805669784545898e-01
6.647877097129821777e-01
6.649164259433746338e-01
6.650471389293670654e-01
6.651939153671264648e-01
6.652091443538665771e-01
6.652347743511199951e-01
6.656003892421722412e-01
6.658632457256317139e-01
6.662231087684631348e-01
6.662626266479492188e-01
6.663747727870941162e-01
6.663767993450164795e-01
6.665960252285003662e-01
6.672226190567016602e-01
6.672630012035369873e-01
6.672783493995666504e-01
6.673008799552917480e-01
6.674557924270629883e-01
6.675153374671936035e-01
6.676562726497650146e-01
6.678369045257568359e-01
6.678394675254821777e-01
6.680452823638916016e-01
6.682619154453277588e-01
6.684143245220184326e-01
6.684882938861846924e-01
6.686180830001831055e-01
6.686442494392395020e-01
6.686529219150543213e-01
6.686635315418243408e-01
6.686817407608032227e-01
6.687149405479431152e-01
6.688978672027587891e-01
6.691436171531677246e-01
6.694249510765075684e-01
6.694664359092712402e-01
6.695396006107330322e-01
6.696588099002838135e-01
6.697609424591064453e-01
6.698159575462341309e-01
6.698732376098632812e-01
6.700639128684997559e-01
6.700898110866546631e-01
6.702270507812500000e-01
6.705208122730255127e-01
6.706256270408630371e-01
6.707419157028198242e-01
6.707893610000610352e-01
6.708017289638519287e-01
6.708253920078277588e-01
6.708716750144958496e-01
6.708807647228240967e-01
6.709149181842803955e-01
6.709500551223754883e-01
6.710211634635925293e-01
6.711581349372863770e-01
6.711899638175964355e-01
6.713918447494506836e-01
6.716226041316986084e-01
6.716437935829162598e-01
6.719876229763031006e-01
6.719943881034851074e-01
6.720123887062072754e-01
6.720154881477355957e-01
6.721739172935485840e-01
6.725935935974121094e-01
6.728203296661376953e-01
6.728664040565490723e-01
6.731805205345153809e-01
6.733162105083465576e-01
6.737211346626281738e-01
6.737329363822937012e-01
6.740533709526062012e-01
6.740567088127136230e-01
6.740688681602478027e-01
6.741043925285339355e-01
6.742999553680419922e-01
6.744014918804168701e-01
6.748071312904357910e-01
6.751467585563659668e-01
6.751716732978820801e-01
6.752046346664428711e-01
6.753023862838745117e-01
6.753752827644348145e-01
6.758002340793609619e-01
6.758864223957061768e-01
6.760422289371490479e-01
6.762443184852600098e-01
6.763133406639099121e-01
6.764970421791076660e-01
6.765033900737762451e-01
6.765037775039672852e-01
6.765338778495788574e-01
6.765761077404022217e-01
6.768168807029724121e-01
6.771030426025390625e-01
6.772968173027038574e-01
6.773214340209960938e-01
6.776930391788482666e-01
6.777185797691345215e-01
6.780303716659545898e-01
6.780945658683776855e-01
6.781024336814880371e-01
6.782302856445312500e-01
6.784000992774963379e-01
6.789724230766296387e-01
6.791839003562927246e-01
6.792812347412109375e-01
6.793071031570434570e-01
6.793763935565948486e-01
6.794319450855255127e-01
6.796586513519287109e-01
6.799035072326660156e-01
6.799400150775909424e-01
6.801866888999938965e-01
6.804768443107604980e-01
6.805382966995239258e-01
6.805385947227478027e-01
6.811755299568176270e-01
6.812557578086853027e-01
6.813951432704925537e-01
6.816249489784240723e-01
6.818516254425048828e-01
6.820388436317443848e-01
6.821880936622619629e-01
6.822115778923034668e-01
6.822573542594909668e-01
6.823315024375915527e-01
6.824452877044677734e-01
6.826100945472717285e-01
6.826641559600830078e-01
6.830234229564666748e-01
6.833680272102355957e-01
6.836343109607696533e-01
6.837793588638305664e-01
6.838589608669281006e-01
6.839004158973693848e-01
6.840318441390991211e-01
6.841215491294860840e-01
6.843127012252807617e-01
6.844505667686462402e-01
6.844781637191772461e-01
6.846618652343750000e-01
6.846722960472106934e-01
6.848416328430175781e-01
6.848779320716857910e-01
6.848809123039245605e-01
6.849388480186462402e-01
6.849604547023773193e-01
6.853522360324859619e-01
6.855026185512542725e-01
6.856141686439514160e-01
6.856536567211151123e-01
6.856653690338134766e-01
6.858083903789520264e-01
6.858788132667541504e-01
6.863869428634643555e-01
6.868045926094055176e-01
6.868960559368133545e-01
6.874163150787353516e-01
6.875767409801483154e-01
6.879352927207946777e-01
6.880341172218322754e-01
6.881656050682067871e-01
6.882553994655609131e-01
6.884285211563110352e-01
6.884410977363586426e-01
6.885874271392822266e-01
6.887815892696380615e-01
6.889084279537200928e-01
6.893018484115600586e-01
6.894664168357849121e-01
6.897067427635192871e-01
6.897816359996795654e-01
6.900969743728637695e-01
6.901926398277282715e-01
6.905338466167449951e-01
6.906965970993041992e-01
6.907804012298583984e-01
6.908070445060729980e-01
6.908592283725738525e-01
6.910399794578552246e-01
6.913505494594573975e-01
6.914317309856414795e-01
6.916390657424926758e-01
6.916844844818115234e-01
6.917650699615478516e-01
6.919527649879455566e-01
6.920293867588043213e-01
6.923078298568725586e-01
6.924160122871398926e-01
6.927801966667175293e-01
6.930230259895324707e-01
6.931463479995727539e-01
6.932994127273559570e-01
6.934059858322143555e-01
6.934835314750671387e-01
6.937120854854583740e-01
6.937689185142517090e-01
6.939122080802917480e-01
6.943050622940063477e-01
6.944793462753295898e-01
6.946682333946228027e-01
6.948040723800659180e-01
6.949403584003448486e-01
6.951614618301391602e-01
6.952728033065795898e-01
6.955952644348144531e-01
6.957615613937377930e-01
6.957916021347045898e-01
6.959515213966369629e-01
6.960135102272033691e-01
6.962566971778869629e-01
6.962819099426269531e-01
6.963174343109130859e-01
6.964000463485717773e-01
6.965908706188201904e-01
6.968850195407867432e-01
6.969052553176879883e-01
6.976179778575897217e-01
6.978095471858978271e-01
6.979525089263916016e-01
6.983103156089782715e-01
6.985189914703369141e-01
6.987479031085968018e-01
6.987869143486022949e-01
6.988009214401245117e-01
6.990556716918945312e-01
6.991105377674102783e-01
6.991404891014099121e-01
6.995766758918762207e-01
6.996090114116668701e-01
6.997005939483642578e-01
6.999492943286895752e-01
7.001652717590332031e-01
7.001897394657135010e-01
7.006345987319946289e-01
7.006786465644836426e-01
7.006900310516357422e-01
7.008665800094604492e-01
7.009866833686828613e-01
7.013653516769409180e-01
7.018610537052154541e-01
7.020712494850158691e-01
7.021724879741668701e-01
7.022151350975036621e-01
7.024529278278350830e-01
7.025146484375000000e-01
7.025247216224670410e-01
7.025954127311706543e-01
7.027246654033660889e-01
7.031009197235107422e-01
7.031427025794982910e-01
7.033569216728210449e-01
7.033805549144744873e-01
7.033926844596862793e-01
7.035343050956726074e-01
7.036721408367156982e-01
7.037088871002197266e-01
7.037748098373413086e-01
7.040365040302276611e-01
7.040380239486694336e-01
7.042826414108276367e-01
7.045755684375762939e-01
7.045912146568298340e-01
7.049009203910827637e-01
7.052453756332397461e-01
7.057049870491027832e-01
7.059956192970275879e-01
7.062246799468994141e-01
7.064032256603240967e-01
7.066907882690429688e-01
7.067943215370178223e-01
7.068735659122467041e-01
7.068985998630523682e-01
7.069323658943176270e-01
7.070262134075164795e-01
7.074015736579895020e-01
7.075060606002807617e-01
7.075986266136169434e-01
7.076028585433959961e-01
7.078206539154052734e-01
7.080721855163574219e-01
7.081640958786010742e-01
7.085392475128173828e-01
7.085988819599151611e-01
7.088375687599182129e-01
7.089612483978271484e-01
7.089866399765014648e-01
7.092344760894775391e-01
7.092594206333160400e-01
7.092839777469635010e-01
7.098477482795715332e-01
7.104579508304595947e-01
7.107239663600921631e-01
7.107883095741271973e-01
7.108156681060791016e-01
7.109884321689605713e-01
7.110713422298431396e-01
7.112062573432922363e-01
7.112469673156738281e-01
7.112674713134765625e-01
7.114852368831634521e-01
7.115058898925781250e-01
7.116833329200744629e-01
7.116916477680206299e-01
7.117915749549865723e-01
7.118402719497680664e-01
7.119293212890625000e-01
7.124068140983581543e-01
7.126107513904571533e-01
7.127276062965393066e-01
7.129068076610565186e-01
7.129905819892883301e-01
7.129921317100524902e-01
7.134016156196594238e-01
7.136118113994598389e-01
7.139204144477844238e-01
7.139621376991271973e-01
7.139866352081298828e-01
7.142108976840972900e-01
7.144146859645843506e-01
7.144255340099334717e-01
7.146356999874114990e-01
7.151268124580383301e-01
7.152221798896789551e-01
7.152331471443176270e-01
7.157411575317382812e-01
7.158407866954803467e-01
7.159084975719451904e-01
7.159404158592224121e-01
7.159405052661895752e-01
7.171753942966461182e-01
7.178364992141723633e-01
7.179770469665527344e-01
7.182314991950988770e-01
7.183459997177124023e-01
7.186741232872009277e-01
7.189689576625823975e-01
7.191602885723114014e-01
7.195926904678344727e-01
7.196724712848663330e-01
7.198915481567382812e-01
7.199107408523559570e-01
7.199218273162841797e-01
7.199528813362121582e-01
7.199721932411193848e-01
7.201394140720367432e-01
7.201471030712127686e-01
7.201738357543945312e-01
7.203712463378906250e-01
7.203875184059143066e-01
7.207121551036834717e-01
7.207551598548889160e-01
7.209001183509826660e-01
7.209015488624572754e-01
7.213004827499389648e-01
7.214984297752380371e-01
7.216347455978393555e-01
7.216886579990386963e-01
7.217081189155578613e-01
7.220108509063720703e-01
7.226025760173797607e-01
7.226366400718688965e-01
7.227312922477722168e-01
7.228309512138366699e-01
7.229857444763183594e-01
7.232968509197235107e-01
7.238878309726715088e-01
7.239576876163482666e-01
7.239719629287719727e-01
7.240245044231414795e-01
7.243039011955261230e-01
7.249344587326049805e-01
7.250072956085205078e-01
7.253894507884979248e-01
7.254185080528259277e-01
7.255441844463348389e-01
7.258042991161346436e-01
7.259354591369628906e-01
7.260735929012298584e-01
7.265197634696960449e-01
7.267960906028747559e-01
7.269240021705627441e-01
7.271518111228942871e-01
7.271751165390014648e-01
7.277393043041229248e-01
7.284563779830932617e-01
7.291150093078613281e-01
7.291623353958129883e-01
7.293143868446350098e-01
7.293154001235961914e-01
7.293353378772735596e-01
7.293600440025329590e-01
7.296842336654663086e-01
7.297711074352264404e-01
7.299656867980957031e-01
7.300825715065002441e-01
7.302593588829040527e-01
7.303791046142578125e-01
7.304117381572723389e-01
7.308057844638824463e-01
7.308660745620727539e-01
7.312497496604919434e-01
7.314838767051696777e-01
7.315149903297424316e-01
7.321219444274902344e-01
7.321240305900573730e-01
7.321918606758117676e-01
7.324129343032836914e-01
7.327237129211425781e-01
7.332583665847778320e-01
7.334743738174438477e-01
7.337477207183837891e-01
7.343591451644897461e-01
7.344286143779754639e-01
7.345588207244873047e-01
7.346096038818359375e-01
7.351694703102111816e-01
7.352114021778106689e-01
7.354101538658142090e-01
7.355493009090423584e-01
7.355635166168212891e-01
7.356785535812377930e-01
7.360922694206237793e-01
7.362685203552246094e-01
7.362807393074035645e-01
7.366241216659545898e-01
7.367228567600250244e-01
7.370567023754119873e-01
7.371711730957031250e-01
7.374301254749298096e-01
7.374649941921234131e-01
7.375144064426422119e-01
7.376239895820617676e-01
7.376331090927124023e-01
7.380286753177642822e-01
7.381107807159423828e-01
7.382144629955291748e-01
7.382172346115112305e-01
7.383274734020233154e-01
7.383518218994140625e-01
7.385033965110778809e-01
7.387619912624359131e-01
7.388960123062133789e-01
7.392621338367462158e-01
7.396540641784667969e-01
7.397847175598144531e-01
7.398361563682556152e-01
7.401566505432128906e-01
7.402763366699218750e-01
7.403022646903991699e-01
7.404141724109649658e-01
7.406198978424072266e-01
7.410771846771240234e-01
7.412402629852294922e-01
7.414876222610473633e-01
7.415230274200439453e-01
7.415339946746826172e-01
7.416123151779174805e-01
7.417851090431213379e-01
7.420552074909210205e-01
7.420566678047180176e-01
7.421109080314636230e-01
7.422960698604583740e-01
7.424108386039733887e-01
7.424287796020507812e-01
7.424388527870178223e-01
7.425549328327178955e-01
7.427037954330444336e-01
7.427730560302734375e-01
7.430365681648254395e-01
7.433359026908874512e-01
7.433972954750061035e-01
7.434238493442535400e-01
7.435062527656555176e-01
7.435966730117797852e-01
7.439896464347839355e-01
7.441817522048950195e-01
7.444120347499847412e-01
7.444666624069213867e-01
7.446013391017913818e-01
7.447005808353424072e-01
7.447658479213714600e-01
7.450357377529144287e-01
7.450417280197143555e-01
7.454249262809753418e-01
7.455460131168365479e-01
7.455601990222930908e-01
7.456275522708892822e-01
7.457798421382904053e-01
7.458751201629638672e-01
7.461314797401428223e-01
7.467504143714904785e-01
7.470200955867767334e-01
7.471098899841308594e-01
7.471273541450500488e-01
7.471791803836822510e-01
7.473332881927490234e-01
7.475849092006683350e-01
7.477257251739501953e-01
7.483939528465270996e-01
7.488422691822052002e-01
7.490319907665252686e-01
7.494316697120666504e-01
7.498834431171417236e-01
7.499342560768127441e-01
7.503704875707626343e-01
7.510718703269958496e-01
7.516125887632369995e-01
7.517575025558471680e-01
7.522089183330535889e-01
7.525367736816406250e-01
7.527068853378295898e-01
7.533372044563293457e-01
7.535072863101959229e-01
7.535123527050018311e-01
7.535731345415115356e-01
7.537579685449600220e-01
7.545484304428100586e-01
7.546074688434600830e-01
7.551390975713729858e-01
7.551889270544052124e-01
7.555224895477294922e-01
7.556009590625762939e-01
7.556046843528747559e-01
7.556122988462448120e-01
7.559049725532531738e-01
7.560009658336639404e-01
7.563845217227935791e-01
7.564607411623001099e-01
7.565763741731643677e-01
7.567867636680603027e-01
7.571564912796020508e-01
7.571644634008407593e-01
7.571727633476257324e-01
7.572523057460784912e-01
7.572610676288604736e-01
7.574685215950012207e-01
7.574761509895324707e-01
7.575195729732513428e-01
7.576232254505157471e-01
7.578386068344116211e-01
7.583678364753723145e-01
7.584879100322723389e-01
7.592813372611999512e-01
7.596784234046936035e-01
7.600990384817123413e-01
7.604840397834777832e-01
7.604905664920806885e-01
7.610257565975189209e-01
7.613057792186737061e-01
7.614169120788574219e-01
7.614953815937042236e-01
7.615453898906707764e-01
7.618169933557510376e-01
7.630059570074081421e-01
7.630089521408081055e-01
7.633128017187118530e-01
7.639680802822113037e-01
7.642604857683181763e-01
7.648749351501464844e-01
7.649169713258743286e-01
7.651383429765701294e-01
7.654392123222351074e-01
7.655082792043685913e-01
7.656130939722061157e-01
7.661228328943252563e-01
7.661763727664947510e-01
7.663954198360443115e-01
7.665182054042816162e-01
7.665219455957412720e-01
7.672129273414611816e-01
7.674427628517150879e-01
7.675862163305282593e-01
7.675990164279937744e-01
7.676312476396560669e-01
7.677529454231262207e-01
7.681410312652587891e-01
7.683477401733398438e-01
7.684034407138824463e-01
7.686044275760650635e-01
7.686227709054946899e-01
7.688691020011901855e-01
7.690228223800659180e-01
7.691842019557952881e-01
7.692274451255798340e-01
7.692854106426239014e-01
7.694315612316131592e-01
7.694745510816574097e-01
7.695110440254211426e-01
7.695637792348861694e-01
7.700242996215820312e-01
7.701579481363296509e-01
7.710796445608139038e-01
7.718764245510101318e-01
7.720921337604522705e-01
7.721807062625885010e-01
7.724991440773010254e-01
7.725524306297302246e-01
7.725626826286315918e-01
7.726030945777893066e-01
7.726500332355499268e-01
7.732769846916198730e-01
7.736791521310806274e-01
7.741778343915939331e-01
7.742345482110977173e-01
7.742433100938796997e-01
7.744324952363967896e-01
7.750847935676574707e-01
7.752983868122100830e-01
7.755942940711975098e-01
7.756472826004028320e-01
7.756970822811126709e-01
7.757088392972946167e-01
7.762546986341476440e-01
7.763815820217132568e-01
7.766062915325164795e-01
7.766064554452896118e-01
7.772093713283538818e-01
7.780275642871856689e-01
7.785896658897399902e-01
7.791368961334228516e-01
7.795190811157226562e-01
7.795579731464385986e-01
7.799170613288879395e-01
7.804740071296691895e-01
7.811169326305389404e-01
7.811635285615921021e-01
7.812860459089279175e-01
7.820588648319244385e-01
7.826025933027267456e-01
7.831160277128219604e-01
7.834550887346267700e-01
7.847408205270767212e-01
7.850604057312011719e-01
7.853042632341384888e-01
7.853739857673645020e-01
7.855082601308822632e-01
7.855166494846343994e-01
7.865206301212310791e-01
7.880130112171173096e-01
7.880621999502182007e-01
7.884062528610229492e-01
7.885303050279617310e-01
7.886042892932891846e-01
7.887960970401763916e-01
7.888966947793960571e-01
7.889465987682342529e-01
7.891916632652282715e-01
7.892245501279830933e-01
7.892942279577255249e-01
7.892961651086807251e-01
7.894987463951110840e-01
7.895864844322204590e-01
7.901367843151092529e-01
7.911280989646911621e-01
7.912559062242507935e-01
7.922167330980300903e-01
7.925156801939010620e-01
7.925830483436584473e-01
7.926793694496154785e-01
7.927852123975753784e-01
7.932407557964324951e-01
7.938038259744644165e-01
7.947424352169036865e-01
7.947453856468200684e-01
7.950563430786132812e-01
7.953464239835739136e-01
7.956608235836029053e-01
7.960951477289199829e-01
7.968896031379699707e-01
7.973794043064117432e-01
7.973922193050384521e-01
7.976754754781723022e-01
7.980374991893768311e-01
7.980707734823226929e-01
7.982464283704757690e-01
7.984379231929779053e-01
7.986098825931549072e-01
7.989266216754913330e-01
7.989533245563507080e-01
7.991008758544921875e-01
7.994455695152282715e-01
7.995438128709793091e-01
7.995509505271911621e-01
7.995620071887969971e-01
7.995746135711669922e-01
7.997234016656875610e-01
8.001111000776290894e-01
8.001369833946228027e-01
8.001967668533325195e-01
8.002402186393737793e-01
8.004051595926284790e-01
8.007461428642272949e-01
8.008755743503570557e-01
8.008898943662643433e-01
8.008942604064941406e-01
8.010123819112777710e-01
8.012377917766571045e-01
8.021799623966217041e-01
8.025068044662475586e-01
8.025868982076644897e-01
8.036873340606689453e-01
8.047861456871032715e-01
8.048525750637054443e-01
8.050595968961715698e-01
8.053634166717529297e-01
8.059307932853698730e-01
8.061650544404983521e-01
8.062069118022918701e-01
8.062102645635604858e-01
8.062887936830520630e-01
8.063247352838516235e-01
8.064698278903961182e-01
8.064870536327362061e-01
8.071706891059875488e-01
8.074002265930175781e-01
8.076021075248718262e-01
8.077017664909362793e-01
8.078187555074691772e-01
8.082259297370910645e-01
8.083910346031188965e-01
8.089752644300460815e-01
8.092240542173385620e-01
8.092790246009826660e-01
8.093171119689941406e-01
8.094505965709686279e-01
8.095477670431137085e-01
8.095929324626922607e-01
8.096880912780761719e-01
8.099662959575653076e-01
8.105786144733428955e-01
8.113790452480316162e-01
8.114485442638397217e-01
8.115224838256835938e-01
8.119462728500366211e-01
8.120348006486892700e-01
8.122892379760742188e-01
8.129089772701263428e-01
8.129361867904663086e-01
8.129904866218566895e-01
8.134519755840301514e-01
8.138080537319183350e-01
8.139057457447052002e-01
8.140657842159271240e-01
8.150026798248291016e-01
8.153819739818572998e-01
8.156888037919998169e-01
8.157764971256256104e-01
8.159254193305969238e-01
8.164353668689727783e-01
8.167529106140136719e-01
8.168059587478637695e-01
8.172755688428878784e-01
8.173672407865524292e-01
8.173727095127105713e-01
8.181367218494415283e-01
8.181848675012588501e-01
8.184816241264343262e-01
8.193271756172180176e-01
8.199892789125442505e-01
8.202166259288787842e-01
8.203488886356353760e-01
8.205574899911880493e-01
8.206357359886169434e-01
8.215515613555908203e-01
8.218242228031158447e-01
8.222496509552001953e-01
8.224080950021743774e-01
8.227847814559936523e-01
8.232046663761138916e-01
8.232208490371704102e-01
8.236933052539825439e-01
8.240562975406646729e-01
8.240866065025329590e-01
8.254991024732589722e-01
8.267054855823516846e-01
8.268366307020187378e-01
8.272610753774642944e-01
8.273786902427673340e-01
8.280014693737030029e-01
8.280564099550247192e-01
8.282345086336135864e-01
8.286035060882568359e-01
8.291440606117248535e-01
8.305110931396484375e-01
8.311397731304168701e-01
8.313591033220291138e-01
8.319981992244720459e-01
8.332461714744567871e-01
8.337052017450332642e-01
8.345530033111572266e-01
8.345559239387512207e-01
8.346834033727645874e-01
8.352212607860565186e-01
8.352568447589874268e-01
8.354977667331695557e-01
8.356143236160278320e-01
8.362112641334533691e-01
8.362743407487869263e-01
8.363358378410339355e-01
8.365293741226196289e-01
8.371379077434539795e-01
8.372448980808258057e-01
8.379501104354858398e-01
8.379869312047958374e-01
8.386011421680450439e-01
8.391821980476379395e-01
8.399395346641540527e-01
8.418023884296417236e-01
8.420186787843704224e-01
8.431008905172348022e-01
8.434375822544097900e-01
8.439189493656158447e-01
8.446515202522277832e-01
8.447345644235610962e-01
8.456848114728927612e-01
8.457880020141601562e-01
8.458203673362731934e-01
8.465867936611175537e-01
8.476568907499313354e-01
8.481763601303100586e-01
8.489661216735839844e-01
8.493663668632507324e-01
8.494204878807067871e-01
8.503777086734771729e-01
8.504984080791473389e-01
8.506090939044952393e-01
8.509403467178344727e-01
8.511721491813659668e-01
8.512798249721527100e-01
8.515128344297409058e-01
8.517454117536544800e-01
8.517909944057464600e-01
8.522732853889465332e-01
8.524569571018218994e-01
8.533611297607421875e-01
8.535459935665130615e-01
8.542073369026184082e-01
8.543014526367187500e-01
8.544550985097885132e-01
8.545581400394439697e-01
8.545596897602081299e-01
8.560719788074493408e-01
8.581767380237579346e-01
8.585216104984283447e-01
8.585595786571502686e-01
8.608025014400482178e-01
8.611263334751129150e-01
8.621117472648620605e-01
8.621422350406646729e-01
8.627509474754333496e-01
8.629381805658340454e-01
8.629541844129562378e-01
8.634140789508819580e-01
8.637092113494873047e-01
8.639919161796569824e-01
8.644449114799499512e-01
8.651706129312515259e-01
8.659861087799072266e-01
8.660442680120468140e-01
8.666775524616241455e-01
8.692098259925842285e-01
8.693197518587112427e-01
8.697590529918670654e-01
8.704270720481872559e-01
8.705459535121917725e-01
8.707049936056137085e-01
8.719476759433746338e-01
8.719586730003356934e-01
8.726829141378402710e-01
8.735019862651824951e-01
8.763151168823242188e-01
8.767719417810440063e-01
8.771241381764411926e-01
8.788075521588325500e-01
8.788284659385681152e-01
8.810662329196929932e-01
8.812247440218925476e-01
8.831951990723609924e-01
8.833450302481651306e-01
8.834481090307235718e-01
8.864857628941535950e-01
8.866841346025466919e-01
8.874911367893218994e-01
8.901045918464660645e-01
8.923610895872116089e-01
8.927764147520065308e-01
8.933238238096237183e-01
8.942706584930419922e-01
8.943891972303390503e-01
8.944446593523025513e-01
8.956590518355369568e-01
8.959815427660942078e-01
8.977819606661796570e-01
8.986946940422058105e-01
8.999005928635597229e-01
9.008012562990188599e-01
9.014759287238121033e-01
9.014843925833702087e-01
9.020013064146041870e-01
9.027735888957977295e-01
9.040614813566207886e-01
9.044621065258979797e-01
9.057245105504989624e-01
9.082895144820213318e-01
9.093532413244247437e-01
9.095773473381996155e-01
9.097689837217330933e-01
9.142150878906250000e-01
9.167236685752868652e-01
9.167585372924804688e-01
9.222203642129898071e-01
9.234373718500137329e-01
9.267531931400299072e-01
9.269772917032241821e-01
9.288761019706726074e-01
9.295649230480194092e-01
9.312485456466674805e-01
9.332221150398254395e-01
9.337031766772270203e-01
9.339585900306701660e-01
9.358643665909767151e-01
9.420124217867851257e-01
9.430415183305740356e-01
9.447747692465782166e-01
9.474664814770221710e-01
9.548323191702365875e-01
9.583842828869819641e-01
9.597857296466827393e-01
9.619844257831573486e-01
9.638517238199710846e-01
9.649720117449760437e-01
9.658686071634292603e-01
9.660035558044910431e-01
9.745413362979888916e-01
9.767784159630537033e-01
9.786854498088359833e-01
9.794858843088150024e-01
9.807450287044048309e-01
9.853851404041051865e-01
9.984052218496799469e-01
1.001798011362552643e+00
1.012812407687306404e+00
1.012903224676847458e+00
1.015567841939628124e+00
1.017551779747009277e+00
1.057272810488939285e+00
